1322792.7614572386 296206.892876 0.000000
1324404.96104 287729.994201 0.000000
1323469.889812618 276924.726719 0.000000
1323456.542135 276924.726719 0.000000
1323374.487665 276924.726719 0.000000
1323292.433195 276924.726719 0.000000
1323210.378725 276924.726719 0.000000
1323128.324256 276924.726719 0.000000
1323046.269786 276924.726719 0.000000
1322964.215316 276924.726719 0.000000
1322882.160847 276924.726719 0.000000
1322800.106377 276924.726719 0.000000
1322718.051907 276924.726719 0.000000
1322635.997437 276924.726719 0.000000
1322553.942968 276924.726719 0.000000
1322471.888498 276924.726719 0.000000
1322389.834028 276924.726719 0.000000
1322307.779559 276924.726719 0.000000
1322225.725089 276924.726719 0.000000
1322143.670619 276924.726719 0.000000
1322061.616149 276924.726719 0.000000
1321979.56168 276924.726719 0.000000
1321897.50721 276924.726719 0.000000
1321815.45274 276924.726719 0.000000
1321733.39827 276924.726719 0.000000
1321651.343801 276924.726719 0.000000
1321569.289331 276924.726719 0.000000
1321487.234861 276924.726719 0.000000
1321405.180392 276924.726719 0.000000
1321323.125922 276924.726719 0.000000
1321241.071452 276924.726719 0.000000
1321159.016982 276924.726719 0.000000
1321076.962513 276924.726719 0.000000
1320994.908043 276924.726719 0.000000
1320912.853573 276924.726719 0.000000
1320865.658869266 276924.726719 0.000000
1309769.12001 285873.548382 0.000000
1305280.56882822 276924.726719 0.000000
1305240.449857 276924.726719 0.000000
1305158.395387 276924.726719 0.000000
1305076.340917 276924.726719 0.000000
1304994.286447 276924.726719 0.000000
1304912.231978 276924.726719 0.000000
1304830.177508 276924.726719 0.000000
1304748.123038 276924.726719 0.000000
1304666.068568 276924.726719 0.000000
1304584.014099 276924.726719 0.000000
1304501.959629 276924.726719 0.000000
1304419.905159 276924.726719 0.000000
1304337.85069 276924.726719 0.000000
1304255.79622 276924.726719 0.000000
1304173.74175 276924.726719 0.000000
1304091.68728 276924.726719 0.000000
1304009.632811 276924.726719 0.000000
1303927.578341 277006.77849 0.000000
1303845.523871 277006.77849 0.000000
1303763.469402 277006.77849 0.000000
1303681.414932 277006.77849 0.000000
1303599.360462 277006.77849 0.000000
1303517.305992 277006.77849 0.000000
1303435.251523 277006.77849 0.000000
1303353.197053 277006.77849 0.000000
1303271.142583 277006.77849 0.000000
1303189.088113 277006.77849 0.000000
1303107.033644 277006.77849 0.000000
1303024.979174 277006.77849 0.000000
1302942.924704 277006.77849 0.000000
1302860.870235 277006.77849 0.000000
1302778.815765 277006.77849 0.000000
1302696.761295 277006.77849 0.000000
1302614.706825 277006.77849 0.000000
1302532.652356 277006.77849 0.000000
1302450.597886 277006.77849 0.000000
1302368.543416 277006.77849 0.000000
1302286.488947 277006.77849 0.000000
1302204.434477 277006.77849 0.000000
1302122.380007 277006.77849 0.000000
1302040.325537 277006.77849 0.000000
1301958.271068 277006.77849 0.000000
1301876.216598 277006.77849 0.000000
1301794.162128 277006.77849 0.000000
1301712.107658 277006.77849 0.000000
1301630.053189 277006.77849 0.000000
1301547.998719 277006.77849 0.000000
1301465.944249 277006.77849 0.000000
1301383.88978 277006.77849 0.000000
1301301.83531 277006.77849 0.000000
1301219.78084 277006.77849 0.000000
1301137.72637 277006.77849 0.000000
1301055.671901 277006.77849 0.000000
1300973.617431 277006.77849 0.000000
1300891.562961 277006.77849 0.000000
1300809.508492 277006.77849 0.000000
1300727.454022 277006.77849 0.000000
1300645.399552 277006.77849 0.000000
1300563.345082 277006.77849 0.000000
1300481.290613 277006.77849 0.000000
1300399.236143 277006.77849 0.000000
1300317.181673 277006.77849 0.000000
1300235.127204 277006.77849 0.000000
1300153.072734 277006.77849 0.000000
1300071.018264 277006.77849 0.000000
1299988.963794 277006.77849 0.000000
1299906.909325 277006.77849 0.000000
1299824.854855 277006.77849 0.000000
1299742.800385 277006.77849 0.000000
1299660.745915 277006.77849 0.000000
1299578.691446 277006.77849 0.000000
1299496.636976 277006.77849 0.000000
1299414.582506 277006.77849 0.000000
1299332.528037 277006.77849 0.000000
1299250.473567 277006.77849 0.000000
1299168.419097 277006.77849 0.000000
1299086.364627 277006.77849 0.000000
1299004.310158 277006.77849 0.000000
1298922.255688 277006.77849 0.000000
1298840.201218 277006.77849 0.000000
1298758.146749 277006.77849 0.000000
1298676.092279 277006.77849 0.000000
1298594.037809 277006.77849 0.000000
1298511.983339 277006.77849 0.000000
1298429.92887 277006.77849 0.000000
1298347.8744 277006.77849 0.000000
1298265.81993 277006.77849 0.000000
1298183.76546 277006.77849 0.000000
1298101.710991 277006.77849 0.000000
1298019.656521 277006.77849 0.000000
1297937.602051 277006.77849 0.000000
1297855.547582 277006.77849 0.000000
1297773.493112 277006.77849 0.000000
1297691.438642 277006.77849 0.000000
1297609.384172 277006.77849 0.000000
1297527.329703 277006.77849 0.000000
1297445.275233 277006.77849 0.000000
1297363.220763 277006.77849 0.000000
1297281.166294 277006.77849 0.000000
1297199.111824 277006.77849 0.000000
1297117.057354 277006.77849 0.000000
1297035.002884 277006.77849 0.000000
1296952.948415 277006.77849 0.000000
1296870.893945 277006.77849 0.000000
1296788.839475 277006.77849 0.000000
1296706.785006 277006.77849 0.000000
1296624.730536 277006.77849 0.000000
1296624.730536 277088.830261 0.000000
1296624.730536 277170.882032 0.000000
1296624.730536 277252.933803 0.000000
1296624.730536 277334.985574 0.000000
1296624.730536 277417.037345 0.000000
1296624.730536 277499.089115 0.000000
1296624.730536 277581.140886 0.000000
1296624.730536 277663.192657 0.000000
1296624.730536 277745.244428 0.000000
1296624.730536 277827.296199 0.000000
1296624.730536 277909.34797 0.000000
1296624.730536 277991.399741 0.000000
1296624.730536 278073.451512 0.000000
1296624.730536 278155.503282 0.000000
1296624.730536 278237.555053 0.000000
1296624.730536 278319.606824 0.000000
1296624.730536 278401.658595 0.000000
1296624.730536 278483.710366 0.000000
1296624.730536 278565.762137 0.000000
1296624.730536 278647.813908 0.000000
1296624.730536 278729.865679 0.000000
1296624.730536 278811.917449 0.000000
1296624.730536 278893.96922 0.000000
1296624.730536 278976.020991 0.000000
1296624.730536 279058.072762 0.000000
1296624.730536 279140.124533 0.000000
1296624.730536 279222.176304 0.000000
1296624.730536 279304.228075 0.000000
1296624.730536 279386.279846 0.000000
1296624.730536 279468.331617 0.000000
1296624.730536 279550.383387 0.000000
1296624.730536 279632.435158 0.000000
1296624.730536 279714.486929 0.000000
1296624.730536 279796.5387 0.000000
1296624.730536 279878.590471 0.000000
1296624.730536 279960.642242 0.000000
1296624.730536 280042.694013 0.000000
1296624.730536 280124.745784 0.000000
1296624.730536 280206.797554 0.000000
1296624.730536 280288.849325 0.000000
1296624.730536 280370.901096 0.000000
1296624.730536 280452.952867 0.000000
1296624.730536 280535.004638 0.000000
1296624.730536 280617.056409 0.000000
1296624.730536 280699.10818 0.000000
1296624.730536 280781.159951 0.000000
1296624.730536 280863.211721 0.000000
1296624.730536 280945.263492 0.000000
1296624.730536 281027.315263 0.000000
1296624.730536 281109.367034 0.000000
1296624.730536 281191.418805 0.000000
1296624.730536 281273.470576 0.000000
1296624.730536 281355.522347 0.000000
1296624.730536 281437.574118 0.000000
1296624.730536 281519.625889 0.000000
1296624.730536 281601.677659 0.000000
1296624.730536 281683.72943 0.000000
1296624.730536 281765.781201 0.000000
1296624.730536 281847.832972 0.000000
1296624.730536 281929.884743 0.000000
1296624.730536 282011.936514 0.000000
1296624.730536 282093.988285 0.000000
1296624.730536 282176.040056 0.000000
1296624.730536 282258.091826 0.000000
1296624.730536 282340.143597 0.000000
1296624.730536 282422.195368 0.000000
1296624.730536 282504.247139 0.000000
1296624.730536 282586.29891 0.000000
1296624.730536 282668.350681 0.000000
1296624.730536 282750.402452 0.000000
1296624.730536 282832.454223 0.000000
1296624.730536 282914.505993 0.000000
1296624.730536 282996.557764 0.000000
1296624.730536 283078.609535 0.000000
1296624.730536 283160.661306 0.000000
1296624.730536 283242.713077 0.000000
1296624.730536 283324.764848 0.000000
1296624.730536 283406.816619 0.000000
1296624.730536 283488.86839 0.000000
1296624.730536 283570.920161 0.000000
1296624.730536 283652.971931 0.000000
1296624.730536 283735.023702 0.000000
1296624.730536 283817.075473 0.000000
1296624.730536 283899.127244 0.000000
1296624.730536 283981.179015 0.000000
1296624.730536 284063.230786 0.000000
1296624.730536 284145.282557 0.000000
1296624.730536 284227.334328 0.000000
1296624.730536 284309.386098 0.000000
1296624.730536 284391.437869 0.000000
1296624.730536 284473.48964 0.000000
1296624.730536 284555.541411 0.000000
1296624.730536 284637.593182 0.000000
1296624.730536 284719.644953 0.000000
1296624.730536 284801.696724 0.000000
1296624.730536 284883.748495 0.000000
1296624.730536 284965.800265 0.000000
1296624.730536 285047.852036 0.000000
1296624.730536 285129.903807 0.000000
1296624.730536 285211.955578 0.000000
1296624.730536 285294.007349 0.000000
1296624.730536 285376.05912 0.000000
1296624.730536 285458.110891 0.000000
1296624.730536 285540.162662 0.000000
1296624.730536 285622.214433 0.000000
1296624.730536 285704.266203 0.000000
1296624.730536 285786.317974 0.000000
1296624.730536 285868.369745 0.000000
1296624.730536 285950.421516 0.000000
1296624.730536 286032.473287 0.000000
1296624.730536 286114.525058 0.000000
1296624.730536 286196.576829 0.000000
1296624.730536 286278.6286 0.000000
1296624.730536 286360.68037 0.000000
1296624.730536 286442.732141 0.000000
1296624.730536 286524.783912 0.000000
1296624.730536 286606.835683 0.000000
1296624.730536 286688.887454 0.000000
1296624.730536 286770.939225 0.000000
1296624.730536 286852.990996 0.000000
1296624.730536 286935.042767 0.000000
1296624.730536 287017.094537 0.000000
1296624.730536 287099.146308 0.000000
1296624.730536 287181.198079 0.000000
1296624.730536 287263.24985 0.000000
1296624.730536 287345.301621 0.000000
1296624.730536 287427.353392 0.000000
1296624.730536 287509.405163 0.000000
1296624.730536 287591.456934 0.000000
1296624.730536 287673.508704 0.000000
1296624.730536 287755.560475 0.000000
1296624.730536 287837.612246 0.000000
1296624.730536 287919.664017 0.000000
1296624.730536 288001.715788 0.000000
1296624.730536 288083.767559 0.000000
1296624.730536 288165.81933 0.000000
1296624.730536 288247.871101 0.000000
1296624.730536 288329.922872 0.000000
1296624.730536 288411.974642 0.000000
1296624.730536 288494.026413 0.000000
1296624.730536 288576.078184 0.000000
1296624.730536 288658.129955 0.000000
1296624.730536 288740.181726 0.000000
1296624.730536 288822.233497 0.000000
1296624.730536 288904.285268 0.000000
1296624.730536 288986.337039 0.000000
1296624.730536 289068.388809 0.000000
1296624.730536 289150.44058 0.000000
1296624.730536 289232.492351 0.000000
1296624.730536 289314.544122 0.000000
1296624.730536 289396.595893 0.000000
1296624.730536 289478.647664 0.000000
1296624.730536 289560.699435 0.000000
1296624.730536 289642.751206 0.000000
1296624.730536 289724.802976 0.000000
1296624.730536 289806.854747 0.000000
1296624.730536 289888.906518 0.000000
1296624.730536 289970.958289 0.000000
1296624.730536 290053.01006 0.000000
1296624.730536 290135.061831 0.000000
1296624.730536 290217.113602 0.000000
1296624.730536 290299.165373 0.000000
1296624.730536 290381.217144 0.000000
1296624.730536 290463.268914 0.000000
1296624.730536 290545.320685 0.000000
1296624.730536 290627.372456 0.000000
1296624.730536 290709.424227 0.000000
1296624.730536 290791.475998 0.000000
1296624.730536 290873.527769 0.000000
1296624.730536 290955.57954 0.000000
1296624.730536 291037.631311 0.000000
1296624.730536 291119.683081 0.000000
1296624.730536 291201.734852 0.000000
1296624.730536 291283.786623 0.000000
1296624.730536 291365.838394 0.000000
1296624.730536 291447.890165 0.000000
1296624.730536 291529.941936 0.000000
1296624.730536 291611.993707 0.000000
1296624.730536 291694.045478 0.000000
1296624.730536 291776.097248 0.000000
1296624.730536 291858.149019 0.000000
1296624.730536 291940.20079 0.000000
1296624.730536 292022.252561 0.000000
1296624.730536 292104.304332 0.000000
1296624.730536 292186.356103 0.000000
1296624.730536 292268.407874 0.000000
1296624.730536 292350.459645 0.000000
1296624.730536 292432.511416 0.000000
1296624.730536 292514.563186 0.000000
1296624.730536 292596.614957 0.000000
1296624.730536 292678.666728 0.000000
1296624.730536 292760.718499 0.000000
1296624.730536 292842.77027 0.000000
1296624.730536 292924.822041 0.000000
1296624.730536 293006.873812 0.000000
1296624.730536 293088.925583 0.000000
1296624.730536 293170.977353 0.000000
1296624.730536 293253.029124 0.000000
1296624.730536 293335.080895 0.000000
1296624.730536 293417.132666 0.000000
1296624.730536 293499.184437 0.000000
1296624.730536 293581.236208 0.000000
1296624.730536 293663.287979 0.000000
1296624.730536 293745.33975 0.000000
1296624.730536 293827.39152 0.000000
1296624.730536 293909.443291 0.000000
1296624.730536 293991.495062 0.000000
1296624.730536 294073.546833 0.000000
1296624.730536 294155.598604 0.000000
1296624.730536 294237.650375 0.000000
1296624.730536 294319.702146 0.000000
1296624.730536 294401.753917 0.000000
1296624.730536 294483.805688 0.000000
1296624.730536 294565.857458 0.000000
1296624.730536 294647.909229 0.000000
1296624.730536 294729.961 0.000000
1296624.730536 294812.012771 0.000000
1296624.730536 294894.064542 0.000000
1296624.730536 294976.116313 0.000000
1296624.730536 295058.168084 0.000000
1296624.730536 295140.219855 0.000000
1296624.730536 295222.271625 0.000000
1296624.730536 295304.323396 0.000000
1296624.730536 295386.375167 0.000000
1296624.730536 295468.426938 0.000000
1296624.730536 295550.478709 0.000000
1296624.730536 295632.53048 0.000000
1296624.730536 295714.582251 0.000000
1296624.730536 295796.634022 0.000000
1296624.730536 295878.685792 0.000000
1296624.730536 295960.737563 0.000000
1296624.730536 296042.789334 0.000000
1296624.730536 296124.841105 0.000000
1296624.730536 296206.892876 0.000000
1296706.785006 296206.892876 0.000000
1296788.839475 296206.892876 0.000000
1296870.893945 296206.892876 0.000000
1296952.948415 296206.892876 0.000000
1297035.002884 296206.892876 0.000000
1297117.057354 296206.892876 0.000000
1297199.111824 296206.892876 0.000000
1297281.166294 296206.892876 0.000000
1297363.220763 296206.892876 0.000000
1297445.275233 296206.892876 0.000000
1297527.329703 296206.892876 0.000000
1297609.384172 296206.892876 0.000000
1297691.438642 296206.892876 0.000000
1297773.493112 296206.892876 0.000000
1297855.547582 296206.892876 0.000000
1297937.602051 296206.892876 0.000000
1298019.656521 296206.892876 0.000000
1298101.710991 296206.892876 0.000000
1298183.76546 296206.892876 0.000000
1298265.81993 296206.892876 0.000000
1298347.8744 296206.892876 0.000000
1298429.92887 296206.892876 0.000000
1298511.983339 296206.892876 0.000000
1298594.037809 296206.892876 0.000000
1298676.092279 296206.892876 0.000000
1298758.146749 296206.892876 0.000000
1298840.201218 296206.892876 0.000000
1298922.255688 296206.892876 0.000000
1299004.310158 296206.892876 0.000000
1299086.364627 296206.892876 0.000000
1299168.419097 296206.892876 0.000000
1299250.473567 296206.892876 0.000000
1299332.528037 296206.892876 0.000000
1299414.582506 296206.892876 0.000000
1299496.636976 296206.892876 0.000000
1299578.691446 296206.892876 0.000000
1299660.745915 296206.892876 0.000000
1299742.800385 296206.892876 0.000000
1299824.854855 296206.892876 0.000000
1299906.909325 296206.892876 0.000000
1299988.963794 296206.892876 0.000000
1300071.018264 296206.892876 0.000000
1300153.072734 296206.892876 0.000000
1300235.127204 296206.892876 0.000000
1300317.181673 296206.892876 0.000000
1300399.236143 296206.892876 0.000000
1300481.290613 296206.892876 0.000000
1300563.345082 296206.892876 0.000000
1300645.399552 296206.892876 0.000000
1300727.454022 296206.892876 0.000000
1300809.508492 296206.892876 0.000000
1300891.562961 296206.892876 0.000000
1300973.617431 296206.892876 0.000000
1301055.671901 296206.892876 0.000000
1301137.72637 296206.892876 0.000000
1301219.78084 296206.892876 0.000000
1301301.83531 296206.892876 0.000000
1301383.88978 296206.892876 0.000000
1301465.944249 296206.892876 0.000000
1301547.998719 296206.892876 0.000000
1301630.053189 296206.892876 0.000000
1301712.107658 296206.892876 0.000000
1301794.162128 296206.892876 0.000000
1301876.216598 296206.892876 0.000000
1301958.271068 296206.892876 0.000000
1302040.325537 296206.892876 0.000000
1302122.380007 296206.892876 0.000000
1302204.434477 296206.892876 0.000000
1302286.488947 296206.892876 0.000000
1302368.543416 296206.892876 0.000000
1302450.597886 296206.892876 0.000000
1302532.652356 296206.892876 0.000000
1302614.706825 296288.944647 0.000000
1302696.761295 296288.944647 0.000000
1302778.815765 296288.944647 0.000000
1302860.870235 296288.944647 0.000000
1302942.924704 296288.944647 0.000000
1303024.979174 296288.944647 0.000000
1303107.033644 296288.944647 0.000000
1303189.088113 296288.944647 0.000000
1303271.142583 296288.944647 0.000000
1303353.197053 296288.944647 0.000000
1303435.251523 296288.944647 0.000000
1303517.305992 296288.944647 0.000000
1303599.360462 296288.944647 0.000000
1303681.414932 296288.944647 0.000000
1303763.469402 296288.944647 0.000000
1303845.523871 296288.944647 0.000000
1303927.578341 296288.944647 0.000000
1304009.632811 296288.944647 0.000000
1304091.68728 296288.944647 0.000000
1304173.74175 296288.944647 0.000000
1304255.79622 296288.944647 0.000000
1304337.85069 296288.944647 0.000000
1304419.905159 296288.944647 0.000000
1304501.959629 296288.944647 0.000000
1304584.014099 296288.944647 0.000000
1304666.068568 296288.944647 0.000000
1304748.123038 296288.944647 0.000000
1304830.177508 296288.944647 0.000000
1304912.231978 296288.944647 0.000000
1304994.286447 296288.944647 0.000000
1305076.340917 296288.944647 0.000000
1305158.395387 296288.944647 0.000000
1305240.449857 296288.944647 0.000000
1305322.504326 296288.944647 0.000000
1305404.558796 296288.944647 0.000000
1305486.613266 296288.944647 0.000000
1305568.667735 296288.944647 0.000000
1305650.722205 296288.944647 0.000000
1305732.776675 296288.944647 0.000000
1305814.831145 296288.944647 0.000000
1305896.885614 296288.944647 0.000000
1305978.940084 296288.944647 0.000000
1306060.994554 296288.944647 0.000000
1306143.049023 296288.944647 0.000000
1306225.103493 296288.944647 0.000000
1306307.157963 296288.944647 0.000000
1306389.212433 296288.944647 0.000000
1306471.266902 296288.944647 0.000000
1306553.321372 296288.944647 0.000000
1306635.375842 296288.944647 0.000000
1306717.430311 296288.944647 0.000000
1306799.484781 296288.944647 0.000000
1306881.539251 296288.944647 0.000000
1306963.593721 296288.944647 0.000000
1307045.64819 296288.944647 0.000000
1307127.70266 296288.944647 0.000000
1307209.75713 296288.944647 0.000000
1307291.8116 296288.944647 0.000000
1307373.866069 296288.944647 0.000000
1307455.920539 296288.944647 0.000000
1307537.975009 296288.944647 0.000000
1307620.029478 296288.944647 0.000000
1307702.083948 296288.944647 0.000000
1307784.138418 296288.944647 0.000000
1307866.192888 296288.944647 0.000000
1307948.247357 296288.944647 0.000000
1308030.301827 296288.944647 0.000000
1308112.356297 296288.944647 0.000000
1308194.410766 296288.944647 0.000000
1308276.465236 296288.944647 0.000000
1308358.519706 296288.944647 0.000000
1308440.574176 296288.944647 0.000000
1308449.5358942535 296288.944647 0.000000
1308522.628645 296288.944647 0.000000
1308604.683115 296288.944647 0.000000
1308686.737585 296288.944647 0.000000
1308768.792055 296288.944647 0.000000
1308850.846524 296288.944647 0.000000
1308932.900994 296288.944647 0.000000
1309014.955464 296288.944647 0.000000
1309097.009933 296288.944647 0.000000
1309179.064403 296288.944647 0.000000
1309261.118873 296288.944647 0.000000
1309343.173343 296288.944647 0.000000
1309425.227812 296288.944647 0.000000
1309507.282282 296288.944647 0.000000
1309589.336752 296288.944647 0.000000
1309671.391221 296288.944647 0.000000
1309753.445691 296288.944647 0.000000
1309835.500161 296288.944647 0.000000
1309917.554631 296288.944647 0.000000
1309999.6091 296288.944647 0.000000
1310081.66357 296288.944647 0.000000
1310163.71804 296288.944647 0.000000
1310245.77251 296288.944647 0.000000
1310327.826979 296288.944647 0.000000
1310409.881449 296288.944647 0.000000
1310491.935919 296288.944647 0.000000
1310573.990388 296288.944647 0.000000
1310656.044858 296288.944647 0.000000
1310738.099328 296288.944647 0.000000
1310820.153798 296288.944647 0.000000
1310902.208267 296288.944647 0.000000
1310984.262737 296288.944647 0.000000
1311066.317207 296288.944647 0.000000
1311148.371676 296288.944647 0.000000
1311230.426146 296288.944647 0.000000
1311312.480616 296288.944647 0.000000
1311394.535086 296288.944647 0.000000
1311476.589555 296288.944647 0.000000
1311558.644025 296288.944647 0.000000
1311640.698495 296288.944647 0.000000
1311722.752964 296288.944647 0.000000
1311804.807434 296288.944647 0.000000
1311886.861904 296288.944647 0.000000
1311968.916374 296288.944647 0.000000
1312050.970843 296288.944647 0.000000
1312133.025313 296288.944647 0.000000
1312215.079783 296288.944647 0.000000
1312297.134253 296288.944647 0.000000
1312379.188722 296288.944647 0.000000
1312461.243192 296288.944647 0.000000
1312543.297662 296288.944647 0.000000
1312625.352131 296288.944647 0.000000
1312707.406601 296288.944647 0.000000
1312789.461071 296288.944647 0.000000
1312871.515541 296288.944647 0.000000
1312953.57001 296288.944647 0.000000
1313035.62448 296288.944647 0.000000
1313117.67895 296288.944647 0.000000
1313199.733419 296288.944647 0.000000
1313281.787889 296288.944647 0.000000
1313363.842359 296288.944647 0.000000
1313445.896829 296288.944647 0.000000
1313527.951298 296288.944647 0.000000
1313610.005768 296288.944647 0.000000
1313692.060238 296288.944647 0.000000
1313774.114708 296288.944647 0.000000
1313856.169177 296288.944647 0.000000
1313938.223647 296288.944647 0.000000
1314020.278117 296288.944647 0.000000
1314102.332586 296288.944647 0.000000
1314184.387056 296288.944647 0.000000
1314266.441526 296288.944647 0.000000
1314348.495996 296288.944647 0.000000
1314430.550465 296288.944647 0.000000
1314512.604935 296288.944647 0.000000
1314594.659405 296288.944647 0.000000
1314676.713874 296288.944647 0.000000
1314758.768344 296288.944647 0.000000
1314840.822814 296288.944647 0.000000
1314922.877284 296288.944647 0.000000
1315004.931753 296288.944647 0.000000
1315086.986223 296288.944647 0.000000
1315169.040693 296288.944647 0.000000
1315251.095163 296288.944647 0.000000
1315333.149632 296288.944647 0.000000
1315415.204102 296288.944647 0.000000
1315497.258572 296288.944647 0.000000
1315579.313041 296206.892876 0.000000
1315661.367511 296206.892876 0.000000
1315743.421981 296206.892876 0.000000
1315825.476451 296206.892876 0.000000
1315907.53092 296206.892876 0.000000
1315989.58539 296206.892876 0.000000
1316071.63986 296206.892876 0.000000
1316153.694329 296206.892876 0.000000
1316235.748799 296206.892876 0.000000
1316317.803269 296206.892876 0.000000
1316399.857739 296206.892876 0.000000
1316481.912208 296206.892876 0.000000
1316563.966678 296206.892876 0.000000
1316646.021148 296206.892876 0.000000
1316728.075617 296206.892876 0.000000
1316810.130087 296206.892876 0.000000
1316892.184557 296206.892876 0.000000
1316974.239027 296206.892876 0.000000
1317056.293496 296206.892876 0.000000
1317138.347966 296206.892876 0.000000
1317220.402436 296206.892876 0.000000
1317302.456906 296206.892876 0.000000
1317384.511375 296206.892876 0.000000
1317466.565845 296206.892876 0.000000
1317548.620315 296206.892876 0.000000
1317630.674784 296206.892876 0.000000
1317712.729254 296206.892876 0.000000
1317794.783724 296206.892876 0.000000
1317876.838194 296206.892876 0.000000
1317958.892663 296206.892876 0.000000
1318040.947133 296206.892876 0.000000
1318123.001603 296206.892876 0.000000
1318205.056072 296206.892876 0.000000
1318287.110542 296206.892876 0.000000
1318369.165012 296206.892876 0.000000
1318451.219482 296206.892876 0.000000
1318533.273951 296206.892876 0.000000
1318615.328421 296206.892876 0.000000
1318697.382891 296206.892876 0.000000
1318779.437361 296206.892876 0.000000
1318861.49183 296206.892876 0.000000
1318943.5463 296206.892876 0.000000
1319025.60077 296206.892876 0.000000
1319107.655239 296206.892876 0.000000
1319189.709709 296206.892876 0.000000
1319271.764179 296206.892876 0.000000
1319353.818649 296206.892876 0.000000
1319435.873118 296206.892876 0.000000
1319517.927588 296206.892876 0.000000
1319599.982058 296206.892876 0.000000
1319682.036527 296206.892876 0.000000
1319764.090997 296206.892876 0.000000
1319846.145467 296206.892876 0.000000
1319928.199937 296206.892876 0.000000
1320010.254406 296206.892876 0.000000
1320092.308876 296206.892876 0.000000
1320174.363346 296206.892876 0.000000
1320256.417816 296206.892876 0.000000
1320338.472285 296206.892876 0.000000
1320420.526755 296206.892876 0.000000
1320502.581225 296206.892876 0.000000
1320584.635694 296206.892876 0.000000
1320666.690164 296206.892876 0.000000
1320748.744634 296206.892876 0.000000
1320830.799104 296206.892876 0.000000
1320912.853573 296206.892876 0.000000
1320994.908043 296206.892876 0.000000
1321076.962513 296206.892876 0.000000
1321159.016982 296206.892876 0.000000
1321241.071452 296206.892876 0.000000
1321323.125922 296206.892876 0.000000
1321405.180392 296206.892876 0.000000
1321487.234861 296206.892876 0.000000
1321569.289331 296206.892876 0.000000
1321651.343801 296206.892876 0.000000
1321733.39827 296206.892876 0.000000
1321815.45274 296206.892876 0.000000
1321897.50721 296206.892876 0.000000
1321979.56168 296206.892876 0.000000
1322061.616149 296206.892876 0.000000
1322143.670619 296206.892876 0.000000
1322225.725089 296206.892876 0.000000
1322307.779559 296206.892876 0.000000
1322389.834028 296206.892876 0.000000
1322471.888498 296206.892876 0.000000
1322553.942968 296206.892876 0.000000
1322635.997437 296206.892876 0.000000
1322718.051907 296206.892876 0.000000
1322792.7614572386 296206.892876 0.000000
999.0 999.0 999.0