1323469.889812618 276924.726719 0.000000
1324404.96104 287729.994201 0.000000
1322792.7614572386 296206.892876 0.000000
1322800.106377 296206.892876 0.000000
1322882.160847 296206.892876 0.000000
1322964.215316 296206.892876 0.000000
1323046.269786 296206.892876 0.000000
1323128.324256 296206.892876 0.000000
1323210.378725 296206.892876 0.000000
1323292.433195 296206.892876 0.000000
1323374.487665 296206.892876 0.000000
1323456.542135 296206.892876 0.000000
1323538.596604 296206.892876 0.000000
1323620.651074 296206.892876 0.000000
1323702.705544 296206.892876 0.000000
1323784.760014 296206.892876 0.000000
1323866.814483 296206.892876 0.000000
1323948.868953 296206.892876 0.000000
1324030.923423 296206.892876 0.000000
1324112.977892 296206.892876 0.000000
1324195.032362 296206.892876 0.000000
1324277.086832 296206.892876 0.000000
1324359.141302 296206.892876 0.000000
1324441.195771 296206.892876 0.000000
1324523.250241 296206.892876 0.000000
1324605.304711 296206.892876 0.000000
1324687.35918 296206.892876 0.000000
1324769.41365 296206.892876 0.000000
1324851.46812 296206.892876 0.000000
1324933.52259 296206.892876 0.000000
1325015.577059 296206.892876 0.000000
1325097.631529 296206.892876 0.000000
1325179.685999 296206.892876 0.000000
1325261.740469 296206.892876 0.000000
1325343.794938 296206.892876 0.000000
1325425.849408 296206.892876 0.000000
1325507.903878 296206.892876 0.000000
1325589.958347 296206.892876 0.000000
1325672.012817 296206.892876 0.000000
1325754.067287 296206.892876 0.000000
1325836.121757 296206.892876 0.000000
1325918.176226 296206.892876 0.000000
1326000.230696 296206.892876 0.000000
1326082.285166 296206.892876 0.000000
1326164.339635 296206.892876 0.000000
1326246.394105 296206.892876 0.000000
1326328.448575 296206.892876 0.000000
1326410.503045 296206.892876 0.000000
1326492.557514 296206.892876 0.000000
1326574.611984 296206.892876 0.000000
1326656.666454 296206.892876 0.000000
1326738.720923 296206.892876 0.000000
1326820.775393 296206.892876 0.000000
1326902.829863 296206.892876 0.000000
1326984.884333 296206.892876 0.000000
1327066.938802 296206.892876 0.000000
1327148.993272 296206.892876 0.000000
1327231.047742 296206.892876 0.000000
1327313.102212 296206.892876 0.000000
1327395.156681 296206.892876 0.000000
1327477.211151 296206.892876 0.000000
1327559.265621 296206.892876 0.000000
1327641.32009 296206.892876 0.000000
1327723.37456 296206.892876 0.000000
1327805.42903 296206.892876 0.000000
1327887.4835 296206.892876 0.000000
1327969.537969 296206.892876 0.000000
1328051.592439 296206.892876 0.000000
1328133.646909 296206.892876 0.000000
1328215.701378 296206.892876 0.000000
1328297.755848 296206.892876 0.000000
1328379.810318 296206.892876 0.000000
1328461.864788 296206.892876 0.000000
1328543.919257 296206.892876 0.000000
1328625.973727 296206.892876 0.000000
1328708.028197 296206.892876 0.000000
1328790.082667 296206.892876 0.000000
1328872.137136 296206.892876 0.000000
1328954.191606 296206.892876 0.000000
1329036.246076 296206.892876 0.000000
1329118.300545 296206.892876 0.000000
1329200.355015 296206.892876 0.000000
1329282.409485 296206.892876 0.000000
1329364.463955 296206.892876 0.000000
1329446.518424 296206.892876 0.000000
1329528.572894 296206.892876 0.000000
1329610.627364 296206.892876 0.000000
1329692.681833 296206.892876 0.000000
1329774.736303 296206.892876 0.000000
1329856.790773 296206.892876 0.000000
1329938.845243 296206.892876 0.000000
1330020.899712 296206.892876 0.000000
1330102.954182 296206.892876 0.000000
1330185.008652 296206.892876 0.000000
1330267.063122 296206.892876 0.000000
1330349.117591 296206.892876 0.000000
1330431.172061 296206.892876 0.000000
1330513.226531 296206.892876 0.000000
1330595.281 296206.892876 0.000000
1330677.33547 296206.892876 0.000000
1330759.38994 296206.892876 0.000000
1330841.44441 296206.892876 0.000000
1330923.498879 296206.892876 0.000000
1331005.553349 296206.892876 0.000000
1331087.607819 296206.892876 0.000000
1331169.662288 296206.892876 0.000000
1331251.716758 296206.892876 0.000000
1331333.771228 296206.892876 0.000000
1331415.825698 296206.892876 0.000000
1331497.880167 296206.892876 0.000000
1331579.934637 296206.892876 0.000000
1331661.989107 296206.892876 0.000000
1331744.043576 296206.892876 0.000000
1331826.098046 296206.892876 0.000000
1331908.152516 296206.892876 0.000000
1331990.206986 296206.892876 0.000000
1332072.261455 296206.892876 0.000000
1332154.315925 296206.892876 0.000000
1332236.370395 296206.892876 0.000000
1332318.424865 296206.892876 0.000000
1332400.479334 296206.892876 0.000000
1332482.533804 296206.892876 0.000000
1332564.588274 296206.892876 0.000000
1332646.642743 296206.892876 0.000000
1332728.697213 296206.892876 0.000000
1332810.751683 296206.892876 0.000000
1332892.806153 296206.892876 0.000000
1332974.860622 296206.892876 0.000000
1333056.915092 296206.892876 0.000000
1333138.969562 296206.892876 0.000000
1333221.024031 296206.892876 0.000000
1333303.078501 296206.892876 0.000000
1333385.132971 296206.892876 0.000000
1333467.187441 296206.892876 0.000000
1333549.24191 296206.892876 0.000000
1333631.29638 296206.892876 0.000000
1333713.35085 296206.892876 0.000000
1333795.40532 296206.892876 0.000000
1333877.459789 296206.892876 0.000000
1333959.514259 296206.892876 0.000000
1334041.568729 296206.892876 0.000000
1334123.623198 296206.892876 0.000000
1334205.677668 296206.892876 0.000000
1334287.732138 296206.892876 0.000000
1334369.786608 296206.892876 0.000000
1334451.841077 296206.892876 0.000000
1334533.895547 296206.892876 0.000000
1334615.950017 296206.892876 0.000000
1334698.004486 296206.892876 0.000000
1334780.058956 296206.892876 0.000000
1334862.113426 296206.892876 0.000000
1334944.167896 296206.892876 0.000000
1335026.222365 296206.892876 0.000000
1335108.276835 296206.892876 0.000000
1335190.331305 296206.892876 0.000000
1335272.385775 296206.892876 0.000000
1335354.440244 296206.892876 0.000000
1335436.494714 296206.892876 0.000000
1335518.549184 296206.892876 0.000000
1335600.603653 296206.892876 0.000000
1335682.658123 296206.892876 0.000000
1335764.712593 296206.892876 0.000000
1335846.767063 296206.892876 0.000000
1335928.821532 296206.892876 0.000000
1336010.876002 296206.892876 0.000000
1336092.930472 296206.892876 0.000000
1336174.984941 296206.892876 0.000000
1336257.039411 296206.892876 0.000000
1336339.093881 296206.892876 0.000000
1336421.148351 296206.892876 0.000000
1336503.20282 296206.892876 0.000000
1336585.25729 296206.892876 0.000000
1336667.31176 296206.892876 0.000000
1336749.366229 296206.892876 0.000000
1336831.420699 296206.892876 0.000000
1336913.475169 296206.892876 0.000000
1336995.529639 296206.892876 0.000000
1337077.584108 296206.892876 0.000000
1337159.638578 296206.892876 0.000000
1337241.693048 296206.892876 0.000000
1337323.747518 296206.892876 0.000000
1337405.801987 296206.892876 0.000000
1337487.856457 296206.892876 0.000000
1337569.910927 296206.892876 0.000000
1337651.965396 296206.892876 0.000000
1337734.019866 296206.892876 0.000000
1337816.074336 296206.892876 0.000000
1337898.128806 296206.892876 0.000000
1337980.183275 296206.892876 0.000000
1338062.237745 296206.892876 0.000000
1338144.292215 296206.892876 0.000000
1338226.346684 296206.892876 0.000000
1338308.401154 296206.892876 0.000000
1338390.455624 296206.892876 0.000000
1338472.510094 296206.892876 0.000000
1338554.564563 296206.892876 0.000000
1338636.619033 296206.892876 0.000000
1338718.673503 296206.892876 0.000000
1338800.727973 296206.892876 0.000000
1338882.782442 296206.892876 0.000000
1338964.836912 296206.892876 0.000000
1339046.891382 296206.892876 0.000000
1339128.945851 296206.892876 0.000000
1339211.000321 296206.892876 0.000000
1339293.054791 296206.892876 0.000000
1339375.109261 296206.892876 0.000000
1339457.16373 296206.892876 0.000000
1339539.2182 296206.892876 0.000000
1339621.27267 296206.892876 0.000000
1339703.327139 296206.892876 0.000000
1339785.381609 296206.892876 0.000000
1339867.436079 296206.892876 0.000000
1339904.0390820105 296206.892876 0.000000
1339949.490549 296206.892876 0.000000
1340031.545018 296288.944647 0.000000
1340113.599488 296288.944647 0.000000
1340195.653958 296288.944647 0.000000
1340277.708428 296288.944647 0.000000
1340359.762897 296288.944647 0.000000
1340441.817367 296288.944647 0.000000
1340523.871837 296288.944647 0.000000
1340605.926306 296288.944647 0.000000
1340687.980776 296288.944647 0.000000
1340770.035246 296288.944647 0.000000
1340852.089716 296288.944647 0.000000
1340934.144185 296288.944647 0.000000
1341016.198655 296288.944647 0.000000
1341098.253125 296288.944647 0.000000
1341180.307594 296288.944647 0.000000
1341262.362064 296288.944647 0.000000
1341344.416534 296288.944647 0.000000
1341426.471004 296288.944647 0.000000
1341508.525473 296288.944647 0.000000
1341590.579943 296288.944647 0.000000
1341672.634413 296288.944647 0.000000
1341754.688882 296288.944647 0.000000
1341836.743352 296288.944647 0.000000
1341918.797822 296288.944647 0.000000
1342000.852292 296288.944647 0.000000
1342082.906761 296288.944647 0.000000
1342164.961231 296288.944647 0.000000
1342247.015701 296288.944647 0.000000
1342329.070171 296288.944647 0.000000
1342411.12464 296288.944647 0.000000
1342493.17911 296288.944647 0.000000
1342575.23358 296288.944647 0.000000
1342657.288049 296288.944647 0.000000
1342739.342519 296288.944647 0.000000
1342821.396989 296288.944647 0.000000
1342903.451459 296288.944647 0.000000
1342985.505928 296288.944647 0.000000
1343067.560398 296288.944647 0.000000
1343149.614868 296288.944647 0.000000
1343231.669337 296288.944647 0.000000
1343313.723807 296288.944647 0.000000
1343395.778277 296288.944647 0.000000
1343477.832747 296288.944647 0.000000
1343559.887216 296288.944647 0.000000
1343641.941686 296288.944647 0.000000
1343723.996156 296288.944647 0.000000
1343806.050626 296288.944647 0.000000
1343888.105095 296288.944647 0.000000
1343970.159565 296288.944647 0.000000
1344052.214035 296288.944647 0.000000
1344134.268504 296288.944647 0.000000
1344216.322974 296288.944647 0.000000
1344298.377444 296288.944647 0.000000
1344380.431914 296288.944647 0.000000
1344462.486383 296288.944647 0.000000
1344544.540853 296288.944647 0.000000
1344626.595323 296288.944647 0.000000
1344708.649792 296288.944647 0.000000
1344790.704262 296288.944647 0.000000
1344872.758732 296288.944647 0.000000
1344954.813202 296288.944647 0.000000
1345036.867671 296288.944647 0.000000
1345118.922141 296288.944647 0.000000
1345200.976611 296288.944647 0.000000
1345283.031081 296288.944647 0.000000
1345365.08555 296288.944647 0.000000
1345447.14002 296288.944647 0.000000
1345529.19449 296288.944647 0.000000
1345611.248959 296288.944647 0.000000
1345693.303429 296288.944647 0.000000
1345775.357899 296288.944647 0.000000
1345857.412369 296288.944647 0.000000
1345939.466838 296206.892876 0.000000
1346021.521308 296206.892876 0.000000
1346103.575778 296206.892876 0.000000
1346185.630247 296206.892876 0.000000
1346267.684717 296206.892876 0.000000
1346349.739187 296206.892876 0.000000
1346431.793657 296206.892876 0.000000
1346513.848126 296206.892876 0.000000
1346595.902596 296206.892876 0.000000
1346677.957066 296206.892876 0.000000
1346760.011535 296206.892876 0.000000
1346842.066005 296206.892876 0.000000
1346924.120475 296206.892876 0.000000
1347006.174945 296206.892876 0.000000
1347088.229414 296206.892876 0.000000
1347170.283884 296206.892876 0.000000
1347252.338354 296206.892876 0.000000
1347334.392824 296206.892876 0.000000
1347416.447293 296206.892876 0.000000
1347498.501763 296206.892876 0.000000
1347580.556233 296206.892876 0.000000
1347662.610702 296206.892876 0.000000
1347744.665172 296206.892876 0.000000
1347826.719642 296206.892876 0.000000
1347908.774112 296206.892876 0.000000
1347990.828581 296206.892876 0.000000
1348072.883051 296206.892876 0.000000
1348154.937521 296206.892876 0.000000
1348236.99199 296206.892876 0.000000
1348319.04646 296206.892876 0.000000
1348401.10093 296206.892876 0.000000
1348483.1554 296206.892876 0.000000
1348565.209869 296206.892876 0.000000
1348647.264339 296206.892876 0.000000
1348729.318809 296206.892876 0.000000
1348811.373279 296206.892876 0.000000
1348893.427748 296206.892876 0.000000
1348975.482218 296206.892876 0.000000
1349057.536688 296206.892876 0.000000
1349139.591157 296206.892876 0.000000
1349221.645627 296206.892876 0.000000
1349303.700097 296206.892876 0.000000
1349385.754567 296206.892876 0.000000
1349467.809036 296206.892876 0.000000
1349549.863506 296206.892876 0.000000
1349631.917976 296206.892876 0.000000
1349713.972445 296206.892876 0.000000
1349796.026915 296206.892876 0.000000
1349878.081385 296206.892876 0.000000
1349960.135855 296206.892876 0.000000
1350042.190324 296206.892876 0.000000
1350124.244794 296206.892876 0.000000
1350206.299264 296206.892876 0.000000
1350288.353734 296206.892876 0.000000
1350370.408203 296206.892876 0.000000
1350452.462673 296206.892876 0.000000
1350534.517143 296206.892876 0.000000
1350616.571612 296206.892876 0.000000
1350698.626082 296206.892876 0.000000
1350780.680552 296206.892876 0.000000
1350862.735022 296206.892876 0.000000
1350944.789491 296206.892876 0.000000
1351026.843961 296206.892876 0.000000
1351108.898431 296206.892876 0.000000
1351190.9529 296206.892876 0.000000
1351273.00737 296206.892876 0.000000
1351355.06184 296206.892876 0.000000
1351437.11631 296206.892876 0.000000
1351519.170779 296206.892876 0.000000
1351601.225249 296206.892876 0.000000
1351683.279719 296206.892876 0.000000
1351765.334188 296206.892876 0.000000
1351847.388658 296206.892876 0.000000
1351929.443128 296206.892876 0.000000
1352011.497598 296206.892876 0.000000
1352093.552067 296206.892876 0.000000
1352175.606537 296206.892876 0.000000
1352257.661007 296206.892876 0.000000
1352339.715477 296206.892876 0.000000
1352421.769946 296206.892876 0.000000
1352503.824416 296206.892876 0.000000
1352585.878886 296206.892876 0.000000
1352667.933355 296206.892876 0.000000
1352749.987825 296206.892876 0.000000
1352832.042295 296206.892876 0.000000
1352914.096765 296206.892876 0.000000
1352996.151234 296206.892876 0.000000
1353078.205704 296206.892876 0.000000
1353160.260174 296206.892876 0.000000
1353242.314643 296206.892876 0.000000
1353324.369113 296206.892876 0.000000
1353406.423583 296206.892876 0.000000
1353488.478053 296206.892876 0.000000
1353570.532522 296206.892876 0.000000
1353652.586992 296206.892876 0.000000
1353734.641462 296206.892876 0.000000
1353816.695932 296206.892876 0.000000
1353898.750401 296206.892876 0.000000
1353980.804871 296206.892876 0.000000
1354062.859341 296206.892876 0.000000
1354144.91381 296206.892876 0.000000
1354226.96828 296206.892876 0.000000
1354309.02275 296206.892876 0.000000
1354391.07722 296206.892876 0.000000
1354473.131689 296206.892876 0.000000
1354555.186159 296206.892876 0.000000
1354637.240629 296206.892876 0.000000
1354719.295098 296206.892876 0.000000
1354801.349568 296206.892876 0.000000
1354883.404038 296206.892876 0.000000
1354965.458508 296206.892876 0.000000
1355047.512977 296206.892876 0.000000
1355129.567447 296206.892876 0.000000
1355211.621917 296206.892876 0.000000
1355293.676386 296206.892876 0.000000
1355375.730856 296206.892876 0.000000
1355457.785326 296206.892876 0.000000
1355539.839796 296206.892876 0.000000
1355621.894265 296206.892876 0.000000
1355703.948735 296206.892876 0.000000
1355786.003205 296206.892876 0.000000
1355868.057675 296206.892876 0.000000
1355950.112144 296206.892876 0.000000
1356032.166614 296206.892876 0.000000
1356114.221084 296206.892876 0.000000
1356196.275553 296206.892876 0.000000
1356278.330023 296206.892876 0.000000
1356360.384493 296206.892876 0.000000
1356442.438963 296206.892876 0.000000
1356524.493432 296206.892876 0.000000
1356606.547902 296206.892876 0.000000
1356688.602372 296206.892876 0.000000
1356770.656841 296206.892876 0.000000
1356852.711311 296206.892876 0.000000
1356934.765781 296206.892876 0.000000
1357016.820251 296206.892876 0.000000
1357098.87472 296206.892876 0.000000
1357180.92919 296206.892876 0.000000
1357262.98366 296206.892876 0.000000
1357345.03813 296206.892876 0.000000
1357427.092599 296206.892876 0.000000
1357509.147069 296206.892876 0.000000
1357591.201539 296206.892876 0.000000
1357673.256008 296206.892876 0.000000
1357755.310478 296206.892876 0.000000
1357837.364948 296206.892876 0.000000
1357919.419418 296206.892876 0.000000
1358001.473887 296206.892876 0.000000
1358083.528357 296206.892876 0.000000
1358165.582827 296206.892876 0.000000
1358247.637296 296206.892876 0.000000
1358329.691766 296206.892876 0.000000
1358411.746236 296206.892876 0.000000
1358493.800706 296206.892876 0.000000
1358575.855175 296206.892876 0.000000
1358657.909645 296206.892876 0.000000
1358739.964115 296206.892876 0.000000
1358822.018585 296206.892876 0.000000
1358904.073054 296206.892876 0.000000
1358986.127524 296206.892876 0.000000
1359068.181994 296206.892876 0.000000
1359150.236463 296206.892876 0.000000
1359232.290933 296206.892876 0.000000
1359314.345403 296206.892876 0.000000
1359396.399873 296206.892876 0.000000
1359478.454342 296206.892876 0.000000
1359560.508812 296206.892876 0.000000
1359642.563282 296206.892876 0.000000
1359724.617751 296206.892876 0.000000
1359806.672221 296206.892876 0.000000
1359888.726691 296206.892876 0.000000
1359970.781161 296206.892876 0.000000
1360052.83563 296206.892876 0.000000
1360134.8901 296206.892876 0.000000
1360216.94457 296206.892876 0.000000
1360298.999039 296206.892876 0.000000
1360381.053509 296206.892876 0.000000
1360463.107979 296206.892876 0.000000
1360545.162449 296206.892876 0.000000
1360627.216918 296206.892876 0.000000
1360709.271388 296206.892876 0.000000
1360791.325858 296206.892876 0.000000
1360873.380328 296206.892876 0.000000
1360955.434797 296206.892876 0.000000
1361037.489267 296206.892876 0.000000
1361119.543737 296206.892876 0.000000
1361201.598206 296206.892876 0.000000
1361283.652676 296206.892876 0.000000
1361365.707146 296206.892876 0.000000
1361447.761616 296206.892876 0.000000
1361529.816085 296206.892876 0.000000
1361611.870555 296206.892876 0.000000
1361693.925025 296206.892876 0.000000
1361775.979494 296206.892876 0.000000
1361858.033964 296206.892876 0.000000
1361940.088434 296206.892876 0.000000
1362022.142904 296206.892876 0.000000
1362104.197373 296206.892876 0.000000
1362186.251843 296206.892876 0.000000
1362268.306313 296206.892876 0.000000
1362350.360783 296206.892876 0.000000
1362432.415252 296206.892876 0.000000
1362514.469722 296206.892876 0.000000
1362596.524192 296206.892876 0.000000
1362678.578661 296206.892876 0.000000
1362760.633131 296206.892876 0.000000
1362842.687601 296206.892876 0.000000
1362924.742071 296206.892876 0.000000
1363006.79654 296206.892876 0.000000
1363088.85101 296206.892876 0.000000
1363170.90548 296206.892876 0.000000
1363252.959949 296206.892876 0.000000
1363335.014419 296206.892876 0.000000
1363417.068889 296206.892876 0.000000
1363499.123359 296206.892876 0.000000
1363581.177828 296206.892876 0.000000
1363663.232298 296206.892876 0.000000
1363745.286768 296206.892876 0.000000
1363827.341238 296206.892876 0.000000
1363909.395707 296206.892876 0.000000
1363991.450177 296206.892876 0.000000
1364073.504647 296206.892876 0.000000
1364155.559116 296206.892876 0.000000
1364237.613586 296206.892876 0.000000
1364319.668056 296206.892876 0.000000
1364401.722526 296206.892876 0.000000
1364483.776995 296206.892876 0.000000
1364565.831465 296206.892876 0.000000
1364647.885935 296206.892876 0.000000
1364729.940404 296206.892876 0.000000
1364811.994874 296206.892876 0.000000
1364894.049344 296206.892876 0.000000
1364976.103814 296206.892876 0.000000
1365058.158283 296206.892876 0.000000
1365140.212753 296206.892876 0.000000
1365222.267223 296206.892876 0.000000
1365304.321692 296206.892876 0.000000
1365386.376162 296206.892876 0.000000
1365468.430632 296206.892876 0.000000
1365550.485102 296206.892876 0.000000
1365632.539571 296206.892876 0.000000
1365714.594041 296206.892876 0.000000
1365796.648511 296206.892876 0.000000
1365878.702981 296206.892876 0.000000
1365960.75745 296206.892876 0.000000
1366042.81192 296206.892876 0.000000
1366124.86639 296206.892876 0.000000
1366206.920859 296206.892876 0.000000
1366288.975329 296206.892876 0.000000
1366371.029799 296206.892876 0.000000
1366453.084269 296206.892876 0.000000
1366535.138738 296206.892876 0.000000
1366617.193208 296206.892876 0.000000
1366699.247678 296206.892876 0.000000
1366781.302147 296206.892876 0.000000
1366863.356617 296206.892876 0.000000
1366945.411087 296206.892876 0.000000
1367027.465557 296206.892876 0.000000
1367109.520026 296206.892876 0.000000
1367191.574496 296206.892876 0.000000
1367273.628966 296206.892876 0.000000
1367355.683436 296206.892876 0.000000
1367437.737905 296206.892876 0.000000
1367519.792375 296206.892876 0.000000
1367601.846845 296206.892876 0.000000
1367683.901314 296206.892876 0.000000
1367765.955784 296206.892876 0.000000
1367848.010254 296206.892876 0.000000
1367930.064724 296206.892876 0.000000
1368012.119193 296206.892876 0.000000
1368094.173663 296206.892876 0.000000
1368176.228133 296206.892876 0.000000
1368258.282602 296206.892876 0.000000
1368340.337072 296206.892876 0.000000
1368422.391542 296206.892876 0.000000
1368504.446012 296206.892876 0.000000
1368586.500481 296206.892876 0.000000
1368668.554951 296206.892876 0.000000
1368750.609421 296206.892876 0.000000
1368832.663891 296206.892876 0.000000
1368914.71836 296206.892876 0.000000
1368996.77283 296206.892876 0.000000
1369078.8273 296206.892876 0.000000
1369160.881769 296206.892876 0.000000
1369242.936239 296206.892876 0.000000
1369324.990709 296206.892876 0.000000
1369407.045179 296206.892876 0.000000
1369489.099648 296206.892876 0.000000
1369571.154118 296206.892876 0.000000
1369653.208588 296206.892876 0.000000
1369735.263057 296206.892876 0.000000
1369817.317527 296206.892876 0.000000
1369899.371997 296206.892876 0.000000
1369981.426467 296206.892876 0.000000
1370063.480936 296206.892876 0.000000
1370145.535406 296206.892876 0.000000
1370227.589876 296206.892876 0.000000
1370309.644345 296206.892876 0.000000
1370391.698815 296206.892876 0.000000
1370473.753285 296206.892876 0.000000
1370555.807755 296206.892876 0.000000
1370637.862224 296206.892876 0.000000
1370719.916694 296206.892876 0.000000
1370719.916694 296124.841105 0.000000
1370719.916694 296042.789334 0.000000
1370719.916694 295960.737563 0.000000
1370719.916694 295878.685792 0.000000
1370719.916694 295796.634022 0.000000
1370719.916694 295714.582251 0.000000
1370719.916694 295632.53048 0.000000
1370719.916694 295550.478709 0.000000
1370719.916694 295468.426938 0.000000
1370719.916694 295386.375167 0.000000
1370719.916694 295304.323396 0.000000
1370719.916694 295222.271625 0.000000
1370719.916694 295140.219855 0.000000
1370719.916694 295058.168084 0.000000
1370719.916694 294976.116313 0.000000
1370719.916694 294894.064542 0.000000
1370719.916694 294812.012771 0.000000
1370719.916694 294729.961 0.000000
1370719.916694 294647.909229 0.000000
1370719.916694 294565.857458 0.000000
1370719.916694 294483.805688 0.000000
1370719.916694 294401.753917 0.000000
1370719.916694 294319.702146 0.000000
1370719.916694 294237.650375 0.000000
1370719.916694 294155.598604 0.000000
1370719.916694 294073.546833 0.000000
1370719.916694 293991.495062 0.000000
1370719.916694 293909.443291 0.000000
1370719.916694 293827.39152 0.000000
1370719.916694 293745.33975 0.000000
1370719.916694 293663.287979 0.000000
1370719.916694 293581.236208 0.000000
1370719.916694 293499.184437 0.000000
1370719.916694 293417.132666 0.000000
1370719.916694 293335.080895 0.000000
1370719.916694 293253.029124 0.000000
1370719.916694 293170.977353 0.000000
1370719.916694 293088.925583 0.000000
1370719.916694 293006.873812 0.000000
1370719.916694 292924.822041 0.000000
1370719.916694 292842.77027 0.000000
1370719.916694 292760.718499 0.000000
1370719.916694 292678.666728 0.000000
1370719.916694 292596.614957 0.000000
1370719.916694 292514.563186 0.000000
1370719.916694 292432.511416 0.000000
1370719.916694 292350.459645 0.000000
1370719.916694 292268.407874 0.000000
1370719.916694 292186.356103 0.000000
1370719.916694 292104.304332 0.000000
1370719.916694 292022.252561 0.000000
1370719.916694 291940.20079 0.000000
1370719.916694 291858.149019 0.000000
1370719.916694 291776.097248 0.000000
1370719.916694 291694.045478 0.000000
1370719.916694 291611.993707 0.000000
1370719.916694 291529.941936 0.000000
1370719.916694 291447.890165 0.000000
1370719.916694 291365.838394 0.000000
1370719.916694 291283.786623 0.000000
1370719.916694 291201.734852 0.000000
1370719.916694 291119.683081 0.000000
1370719.916694 291037.631311 0.000000
1370719.916694 290955.57954 0.000000
1370719.916694 290873.527769 0.000000
1370719.916694 290791.475998 0.000000
1370719.916694 290709.424227 0.000000
1370719.916694 290627.372456 0.000000
1370719.916694 290545.320685 0.000000
1370719.916694 290463.268914 0.000000
1370719.916694 290381.217144 0.000000
1370719.916694 290299.165373 0.000000
1370719.916694 290217.113602 0.000000
1370719.916694 290135.061831 0.000000
1370719.916694 290053.01006 0.000000
1370719.916694 289970.958289 0.000000
1370719.916694 289888.906518 0.000000
1370719.916694 289806.854747 0.000000
1370719.916694 289724.802976 0.000000
1370719.916694 289642.751206 0.000000
1370719.916694 289560.699435 0.000000
1370719.916694 289478.647664 0.000000
1370719.916694 289396.595893 0.000000
1370719.916694 289314.544122 0.000000
1370719.916694 289232.492351 0.000000
1370719.916694 289150.44058 0.000000
1370719.916694 289068.388809 0.000000
1370719.916694 288986.337039 0.000000
1370719.916694 288904.285268 0.000000
1370719.916694 288822.233497 0.000000
1370719.916694 288740.181726 0.000000
1370719.916694 288658.129955 0.000000
1370719.916694 288576.078184 0.000000
1370719.916694 288494.026413 0.000000
1370719.916694 288411.974642 0.000000
1370719.916694 288329.922872 0.000000
1370719.916694 288247.871101 0.000000
1370719.916694 288165.81933 0.000000
1370719.916694 288083.767559 0.000000
1370719.916694 288001.715788 0.000000
1370719.916694 287919.664017 0.000000
1370719.916694 287837.612246 0.000000
1370719.916694 287755.560475 0.000000
1370719.916694 287673.508704 0.000000
1370719.916694 287591.456934 0.000000
1370719.916694 287509.405163 0.000000
1370719.916694 287427.353392 0.000000
1370719.916694 287345.301621 0.000000
1370719.916694 287263.24985 0.000000
1370719.916694 287181.198079 0.000000
1370719.916694 287099.146308 0.000000
1370719.916694 287017.094537 0.000000
1370719.916694 286935.042767 0.000000
1370719.916694 286852.990996 0.000000
1370719.916694 286770.939225 0.000000
1370719.916694 286688.887454 0.000000
1370719.916694 286606.835683 0.000000
1370719.916694 286524.783912 0.000000
1370719.916694 286442.732141 0.000000
1370719.916694 286360.68037 0.000000
1370719.916694 286278.6286 0.000000
1370719.916694 286196.576829 0.000000
1370719.916694 286114.525058 0.000000
1370719.916694 286032.473287 0.000000
1370719.916694 285950.421516 0.000000
1370719.916694 285868.369745 0.000000
1370719.916694 285786.317974 0.000000
1370719.916694 285704.266203 0.000000
1370719.916694 285622.214433 0.000000
1370719.916694 285540.162662 0.000000
1370719.916694 285458.110891 0.000000
1370719.916694 285376.05912 0.000000
1370719.916694 285294.007349 0.000000
1370719.916694 285211.955578 0.000000
1370719.916694 285129.903807 0.000000
1370719.916694 285047.852036 0.000000
1370719.916694 284965.800265 0.000000
1370719.916694 284883.748495 0.000000
1370719.916694 284801.696724 0.000000
1370719.916694 284719.644953 0.000000
1370719.916694 284637.593182 0.000000
1370719.916694 284555.541411 0.000000
1370719.916694 284473.48964 0.000000
1370719.916694 284391.437869 0.000000
1370719.916694 284309.386098 0.000000
1370719.916694 284227.334328 0.000000
1370719.916694 284145.282557 0.000000
1370719.916694 284063.230786 0.000000
1370719.916694 283981.179015 0.000000
1370719.916694 283899.127244 0.000000
1370719.916694 283817.075473 0.000000
1370719.916694 283735.023702 0.000000
1370719.916694 283652.971931 0.000000
1370719.916694 283570.920161 0.000000
1370719.916694 283488.86839 0.000000
1370719.916694 283406.816619 0.000000
1370719.916694 283324.764848 0.000000
1370719.916694 283242.713077 0.000000
1370719.916694 283160.661306 0.000000
1370719.916694 283078.609535 0.000000
1370719.916694 282996.557764 0.000000
1370719.916694 282914.505993 0.000000
1370719.916694 282832.454223 0.000000
1370719.916694 282750.402452 0.000000
1370719.916694 282668.350681 0.000000
1370719.916694 282586.29891 0.000000
1370719.916694 282504.247139 0.000000
1370719.916694 282422.195368 0.000000
1370719.916694 282340.143597 0.000000
1370719.916694 282258.091826 0.000000
1370719.916694 282176.040056 0.000000
1370719.916694 282093.988285 0.000000
1370719.916694 282011.936514 0.000000
1370719.916694 281929.884743 0.000000
1370719.916694 281847.832972 0.000000
1370719.916694 281765.781201 0.000000
1370719.916694 281683.72943 0.000000
1370719.916694 281601.677659 0.000000
1370719.916694 281519.625889 0.000000
1370719.916694 281437.574118 0.000000
1370719.916694 281355.522347 0.000000
1370719.916694 281273.470576 0.000000
1370719.916694 281191.418805 0.000000
1370719.916694 281109.367034 0.000000
1370719.916694 281027.315263 0.000000
1370719.916694 280945.263492 0.000000
1370719.916694 280863.211721 0.000000
1370719.916694 280781.159951 0.000000
1370719.916694 280699.10818 0.000000
1370719.916694 280617.056409 0.000000
1370719.916694 280535.004638 0.000000
1370719.916694 280452.952867 0.000000
1370719.916694 280370.901096 0.000000
1370719.916694 280288.849325 0.000000
1370719.916694 280206.797554 0.000000
1370719.916694 280124.745784 0.000000
1370719.916694 280042.694013 0.000000
1370719.916694 279960.642242 0.000000
1370719.916694 279878.590471 0.000000
1370719.916694 279796.5387 0.000000
1370719.916694 279714.486929 0.000000
1370719.916694 279632.435158 0.000000
1370719.916694 279550.383387 0.000000
1370719.916694 279468.331617 0.000000
1370719.916694 279386.279846 0.000000
1370719.916694 279304.228075 0.000000
1370719.916694 279222.176304 0.000000
1370719.916694 279140.124533 0.000000
1370719.916694 279058.072762 0.000000
1370719.916694 278976.020991 0.000000
1370719.916694 278893.96922 0.000000
1370719.916694 278811.917449 0.000000
1370719.916694 278729.865679 0.000000
1370719.916694 278647.813908 0.000000
1370719.916694 278565.762137 0.000000
1370719.916694 278483.710366 0.000000
1370719.916694 278401.658595 0.000000
1370719.916694 278319.606824 0.000000
1370719.916694 278237.555053 0.000000
1370719.916694 278155.503282 0.000000
1370719.916694 278073.451512 0.000000
1370719.916694 277991.399741 0.000000
1370719.916694 277909.34797 0.000000
1370719.916694 277827.296199 0.000000
1370719.916694 277745.244428 0.000000
1370719.916694 277663.192657 0.000000
1370719.916694 277581.140886 0.000000
1370719.916694 277499.089115 0.000000
1370719.916694 277417.037345 0.000000
1370719.916694 277334.985574 0.000000
1370719.916694 277252.933803 0.000000
1370719.916694 277170.882032 0.000000
1370719.916694 277088.830261 0.000000
1370719.916694 277006.77849 0.000000
1370719.916694 276924.726719 0.000000
1370637.862224 276924.726719 0.000000
1370555.807755 276924.726719 0.000000
1370473.753285 276924.726719 0.000000
1370391.698815 276924.726719 0.000000
1370309.644345 276924.726719 0.000000
1370227.589876 276924.726719 0.000000
1370145.535406 276924.726719 0.000000
1370063.480936 276924.726719 0.000000
1369981.426467 276924.726719 0.000000
1369899.371997 276924.726719 0.000000
1369817.317527 276924.726719 0.000000
1369735.263057 276924.726719 0.000000
1369653.208588 276924.726719 0.000000
1369571.154118 276924.726719 0.000000
1369489.099648 276924.726719 0.000000
1369407.045179 276924.726719 0.000000
1369324.990709 276924.726719 0.000000
1369242.936239 276924.726719 0.000000
1369160.881769 276924.726719 0.000000
1369078.8273 276924.726719 0.000000
1368996.77283 276924.726719 0.000000
1368914.71836 276924.726719 0.000000
1368832.663891 276924.726719 0.000000
1368750.609421 276924.726719 0.000000
1368668.554951 276924.726719 0.000000
1368586.500481 276924.726719 0.000000
1368504.446012 276924.726719 0.000000
1368422.391542 276924.726719 0.000000
1368340.337072 276924.726719 0.000000
1368258.282602 276924.726719 0.000000
1368176.228133 276924.726719 0.000000
1368094.173663 276924.726719 0.000000
1368012.119193 276924.726719 0.000000
1367930.064724 276924.726719 0.000000
1367848.010254 276924.726719 0.000000
1367765.955784 276924.726719 0.000000
1367683.901314 276924.726719 0.000000
1367601.846845 276924.726719 0.000000
1367519.792375 276924.726719 0.000000
1367437.737905 276924.726719 0.000000
1367355.683436 276924.726719 0.000000
1367273.628966 276924.726719 0.000000
1367191.574496 276924.726719 0.000000
1367109.520026 276924.726719 0.000000
1367027.465557 276924.726719 0.000000
1366945.411087 276924.726719 0.000000
1366863.356617 276924.726719 0.000000
1366781.302147 276924.726719 0.000000
1366699.247678 276924.726719 0.000000
1366617.193208 276924.726719 0.000000
1366535.138738 276924.726719 0.000000
1366453.084269 276924.726719 0.000000
1366371.029799 276924.726719 0.000000
1366288.975329 276924.726719 0.000000
1366206.920859 276924.726719 0.000000
1366124.86639 276924.726719 0.000000
1366042.81192 276924.726719 0.000000
1365960.75745 276924.726719 0.000000
1365878.702981 276924.726719 0.000000
1365796.648511 276924.726719 0.000000
1365714.594041 276924.726719 0.000000
1365632.539571 276924.726719 0.000000
1365550.485102 276924.726719 0.000000
1365468.430632 276924.726719 0.000000
1365386.376162 276924.726719 0.000000
1365304.321692 276924.726719 0.000000
1365222.267223 276924.726719 0.000000
1365140.212753 276924.726719 0.000000
1365058.158283 276924.726719 0.000000
1364976.103814 276924.726719 0.000000
1364894.049344 276924.726719 0.000000
1364811.994874 276924.726719 0.000000
1364729.940404 276924.726719 0.000000
1364647.885935 276924.726719 0.000000
1364565.831465 276924.726719 0.000000
1364483.776995 276924.726719 0.000000
1364401.722526 276924.726719 0.000000
1364319.668056 276924.726719 0.000000
1364237.613586 276924.726719 0.000000
1364155.559116 276924.726719 0.000000
1364073.504647 276924.726719 0.000000
1363991.450177 276924.726719 0.000000
1363909.395707 276924.726719 0.000000
1363827.341238 276924.726719 0.000000
1363745.286768 276924.726719 0.000000
1363663.232298 276924.726719 0.000000
1363581.177828 276924.726719 0.000000
1363499.123359 276924.726719 0.000000
1363417.068889 276924.726719 0.000000
1363335.014419 276924.726719 0.000000
1363252.959949 276924.726719 0.000000
1363170.90548 276924.726719 0.000000
1363088.85101 276924.726719 0.000000
1363006.79654 276924.726719 0.000000
1362924.742071 276924.726719 0.000000
1362842.687601 276924.726719 0.000000
1362760.633131 276924.726719 0.000000
1362678.578661 276924.726719 0.000000
1362596.524192 276924.726719 0.000000
1362514.469722 276924.726719 0.000000
1362432.415252 276924.726719 0.000000
1362350.360783 276924.726719 0.000000
1362268.306313 276924.726719 0.000000
1362186.251843 276924.726719 0.000000
1362104.197373 276924.726719 0.000000
1362022.142904 276924.726719 0.000000
1361940.088434 276924.726719 0.000000
1361858.033964 276924.726719 0.000000
1361775.979494 276924.726719 0.000000
1361693.925025 276924.726719 0.000000
1361611.870555 276924.726719 0.000000
1361529.816085 276924.726719 0.000000
1361447.761616 276924.726719 0.000000
1361365.707146 276924.726719 0.000000
1361283.652676 276924.726719 0.000000
1361201.598206 276924.726719 0.000000
1361119.543737 276924.726719 0.000000
1361037.489267 276924.726719 0.000000
1360955.434797 276924.726719 0.000000
1360873.380328 276924.726719 0.000000
1360791.325858 276924.726719 0.000000
1360709.271388 276924.726719 0.000000
1360627.216918 276924.726719 0.000000
1360545.162449 276924.726719 0.000000
1360463.107979 276924.726719 0.000000
1360381.053509 276924.726719 0.000000
1360298.999039 276924.726719 0.000000
1360216.94457 276924.726719 0.000000
1360134.8901 276924.726719 0.000000
1360052.83563 276924.726719 0.000000
1359970.781161 276924.726719 0.000000
1359888.726691 276924.726719 0.000000
1359806.672221 276924.726719 0.000000
1359724.617751 276924.726719 0.000000
1359642.563282 276924.726719 0.000000
1359560.508812 276924.726719 0.000000
1359478.454342 276924.726719 0.000000
1359396.399873 276924.726719 0.000000
1359314.345403 276924.726719 0.000000
1359232.290933 276924.726719 0.000000
1359150.236463 276924.726719 0.000000
1359068.181994 276924.726719 0.000000
1358986.127524 276924.726719 0.000000
1358904.073054 276924.726719 0.000000
1358822.018585 276924.726719 0.000000
1358739.964115 276924.726719 0.000000
1358657.909645 276924.726719 0.000000
1358575.855175 276924.726719 0.000000
1358493.800706 276924.726719 0.000000
1358411.746236 276924.726719 0.000000
1358329.691766 276924.726719 0.000000
1358247.637296 276924.726719 0.000000
1358165.582827 276924.726719 0.000000
1358083.528357 276924.726719 0.000000
1358001.473887 276924.726719 0.000000
1357919.419418 276924.726719 0.000000
1357837.364948 276924.726719 0.000000
1357755.310478 276924.726719 0.000000
1357673.256008 276924.726719 0.000000
1357591.201539 276924.726719 0.000000
1357509.147069 276924.726719 0.000000
1357427.092599 276924.726719 0.000000
1357345.03813 276924.726719 0.000000
1357262.98366 276924.726719 0.000000
1357180.92919 276924.726719 0.000000
1357098.87472 276924.726719 0.000000
1357016.820251 276924.726719 0.000000
1356934.765781 276924.726719 0.000000
1356852.711311 276924.726719 0.000000
1356770.656841 276924.726719 0.000000
1356688.602372 276924.726719 0.000000
1356606.547902 276924.726719 0.000000
1356524.493432 276924.726719 0.000000
1356442.438963 276924.726719 0.000000
1356360.384493 276924.726719 0.000000
1356278.330023 277006.77849 0.000000
1356196.275553 277006.77849 0.000000
1356114.221084 277006.77849 0.000000
1356032.166614 277006.77849 0.000000
1355950.112144 277006.77849 0.000000
1355868.057675 277006.77849 0.000000
1355786.003205 277006.77849 0.000000
1355703.948735 277006.77849 0.000000
1355621.894265 277006.77849 0.000000
1355539.839796 277006.77849 0.000000
1355457.785326 277006.77849 0.000000
1355375.730856 277006.77849 0.000000
1355293.676386 277006.77849 0.000000
1355211.621917 277006.77849 0.000000
1355129.567447 277006.77849 0.000000
1355047.512977 277006.77849 0.000000
1354965.458508 277006.77849 0.000000
1354883.404038 277006.77849 0.000000
1354801.349568 277006.77849 0.000000
1354719.295098 277006.77849 0.000000
1354637.240629 277006.77849 0.000000
1354555.186159 277006.77849 0.000000
1354473.131689 277006.77849 0.000000
1354391.07722 277006.77849 0.000000
1354309.02275 277006.77849 0.000000
1354226.96828 277006.77849 0.000000
1354144.91381 277006.77849 0.000000
1354062.859341 277006.77849 0.000000
1353980.804871 277006.77849 0.000000
1353898.750401 277006.77849 0.000000
1353816.695932 277006.77849 0.000000
1353734.641462 277006.77849 0.000000
1353652.586992 277006.77849 0.000000
1353570.532522 277006.77849 0.000000
1353488.478053 277006.77849 0.000000
1353406.423583 277006.77849 0.000000
1353324.369113 277006.77849 0.000000
1353242.314643 277006.77849 0.000000
1353160.260174 277006.77849 0.000000
1353078.205704 277006.77849 0.000000
1352996.151234 277006.77849 0.000000
1352914.096765 277006.77849 0.000000
1352832.042295 277006.77849 0.000000
1352749.987825 277006.77849 0.000000
1352667.933355 277006.77849 0.000000
1352585.878886 277006.77849 0.000000
1352503.824416 277006.77849 0.000000
1352421.769946 277006.77849 0.000000
1352339.715477 277006.77849 0.000000
1352257.661007 277006.77849 0.000000
1352175.606537 277006.77849 0.000000
1352093.552067 277006.77849 0.000000
1352011.497598 277006.77849 0.000000
1351929.443128 277006.77849 0.000000
1351847.388658 277006.77849 0.000000
1351765.334188 277006.77849 0.000000
1351683.279719 277006.77849 0.000000
1351601.225249 277006.77849 0.000000
1351519.170779 277006.77849 0.000000
1351437.11631 277006.77849 0.000000
1351355.06184 277006.77849 0.000000
1351273.00737 277006.77849 0.000000
1351190.9529 277006.77849 0.000000
1351108.898431 277006.77849 0.000000
1351026.843961 277006.77849 0.000000
1350944.789491 277006.77849 0.000000
1350862.735022 277006.77849 0.000000
1350780.680552 277006.77849 0.000000
1350698.626082 277006.77849 0.000000
1350616.571612 277006.77849 0.000000
1350534.517143 277006.77849 0.000000
1350452.462673 277006.77849 0.000000
1350370.408203 277006.77849 0.000000
1350288.353734 277006.77849 0.000000
1350206.299264 277006.77849 0.000000
1350124.244794 277006.77849 0.000000
1350042.190324 277006.77849 0.000000
1349960.135855 277006.77849 0.000000
1349878.081385 277006.77849 0.000000
1349796.026915 277006.77849 0.000000
1349713.972445 277006.77849 0.000000
1349631.917976 277006.77849 0.000000
1349549.863506 277006.77849 0.000000
1349467.809036 277006.77849 0.000000
1349385.754567 277006.77849 0.000000
1349303.700097 277006.77849 0.000000
1349221.645627 277006.77849 0.000000
1349139.591157 277006.77849 0.000000
1349057.536688 277006.77849 0.000000
1348975.482218 277006.77849 0.000000
1348893.427748 277006.77849 0.000000
1348811.373279 277006.77849 0.000000
1348729.318809 277006.77849 0.000000
1348647.264339 276924.726719 0.000000
1348565.209869 276924.726719 0.000000
1348483.1554 276924.726719 0.000000
1348401.10093 276924.726719 0.000000
1348319.04646 276924.726719 0.000000
1348236.99199 276924.726719 0.000000
1348154.937521 276924.726719 0.000000
1348072.883051 276924.726719 0.000000
1347990.828581 276924.726719 0.000000
1347908.774112 276924.726719 0.000000
1347826.719642 276924.726719 0.000000
1347744.665172 276924.726719 0.000000
1347662.610702 276924.726719 0.000000
1347580.556233 276924.726719 0.000000
1347498.501763 276924.726719 0.000000
1347416.447293 276924.726719 0.000000
1347334.392824 276924.726719 0.000000
1347252.338354 276924.726719 0.000000
1347170.283884 276924.726719 0.000000
1347088.229414 276924.726719 0.000000
1347006.174945 276924.726719 0.000000
1346924.120475 276924.726719 0.000000
1346842.066005 276924.726719 0.000000
1346760.011535 276924.726719 0.000000
1346677.957066 276924.726719 0.000000
1346595.902596 276924.726719 0.000000
1346513.848126 276924.726719 0.000000
1346431.793657 276924.726719 0.000000
1346349.739187 276924.726719 0.000000
1346267.684717 276924.726719 0.000000
1346185.630247 276924.726719 0.000000
1346103.575778 276924.726719 0.000000
1346021.521308 276924.726719 0.000000
1345939.466838 276924.726719 0.000000
1345857.412369 276924.726719 0.000000
1345775.357899 276924.726719 0.000000
1345693.303429 276924.726719 0.000000
1345611.248959 276924.726719 0.000000
1345529.19449 276924.726719 0.000000
1345447.14002 276924.726719 0.000000
1345365.08555 276924.726719 0.000000
1345283.031081 276924.726719 0.000000
1345200.976611 276924.726719 0.000000
1345118.922141 276924.726719 0.000000
1345036.867671 276924.726719 0.000000
1344954.813202 276924.726719 0.000000
1344872.758732 276924.726719 0.000000
1344790.704262 276924.726719 0.000000
1344708.649792 276924.726719 0.000000
1344626.595323 276924.726719 0.000000
1344544.540853 276924.726719 0.000000
1344462.486383 276924.726719 0.000000
1344380.431914 276924.726719 0.000000
1344298.377444 276924.726719 0.000000
1344216.322974 276924.726719 0.000000
1344134.268504 276924.726719 0.000000
1344052.214035 276924.726719 0.000000
1343970.159565 276924.726719 0.000000
1343888.105095 276924.726719 0.000000
1343806.050626 276924.726719 0.000000
1343723.996156 276924.726719 0.000000
1343641.941686 276924.726719 0.000000
1343559.887216 276924.726719 0.000000
1343477.832747 276924.726719 0.000000
1343395.778277 276924.726719 0.000000
1343313.723807 276924.726719 0.000000
1343231.669337 276924.726719 0.000000
1343149.614868 276924.726719 0.000000
1343067.560398 276924.726719 0.000000
1342985.505928 276924.726719 0.000000
1342903.451459 276924.726719 0.000000
1342821.396989 276924.726719 0.000000
1342739.342519 276924.726719 0.000000
1342657.288049 276924.726719 0.000000
1342575.23358 276924.726719 0.000000
1342493.17911 276924.726719 0.000000
1342411.12464 276924.726719 0.000000
1342329.070171 276924.726719 0.000000
1342247.015701 276924.726719 0.000000
1342164.961231 276924.726719 0.000000
1342082.906761 276924.726719 0.000000
1342000.852292 276924.726719 0.000000
1341918.797822 276924.726719 0.000000
1341836.743352 276924.726719 0.000000
1341754.688882 276924.726719 0.000000
1341672.634413 276924.726719 0.000000
1341590.579943 276924.726719 0.000000
1341508.525473 276924.726719 0.000000
1341481.2065580557 276924.726719 0.000000
1341426.471004 276924.726719 0.000000
1341344.416534 276924.726719 0.000000
1341262.362064 276924.726719 0.000000
1341180.307594 276924.726719 0.000000
1341098.253125 276924.726719 0.000000
1341016.198655 276924.726719 0.000000
1340934.144185 276924.726719 0.000000
1340852.089716 276924.726719 0.000000
1340770.035246 276924.726719 0.000000
1340687.980776 276924.726719 0.000000
1340605.926306 276924.726719 0.000000
1340523.871837 276924.726719 0.000000
1340441.817367 276924.726719 0.000000
1340359.762897 276924.726719 0.000000
1340277.708428 276924.726719 0.000000
1340195.653958 276924.726719 0.000000
1340113.599488 276924.726719 0.000000
1340031.545018 276924.726719 0.000000
1339949.490549 276924.726719 0.000000
1339867.436079 276924.726719 0.000000
1339785.381609 276924.726719 0.000000
1339703.327139 276924.726719 0.000000
1339621.27267 276924.726719 0.000000
1339539.2182 276924.726719 0.000000
1339457.16373 276924.726719 0.000000
1339375.109261 276924.726719 0.000000
1339293.054791 276924.726719 0.000000
1339211.000321 276924.726719 0.000000
1339128.945851 276924.726719 0.000000
1339046.891382 276924.726719 0.000000
1338964.836912 276924.726719 0.000000
1338882.782442 276924.726719 0.000000
1338800.727973 276924.726719 0.000000
1338718.673503 276924.726719 0.000000
1338636.619033 276924.726719 0.000000
1338554.564563 276924.726719 0.000000
1338472.510094 276924.726719 0.000000
1338390.455624 276924.726719 0.000000
1338308.401154 276924.726719 0.000000
1338226.346684 276924.726719 0.000000
1338144.292215 276924.726719 0.000000
1338062.237745 276924.726719 0.000000
1337980.183275 276924.726719 0.000000
1337898.128806 276924.726719 0.000000
1337816.074336 276924.726719 0.000000
1337734.019866 276924.726719 0.000000
1337651.965396 276924.726719 0.000000
1337569.910927 276924.726719 0.000000
1337487.856457 276924.726719 0.000000
1337405.801987 276924.726719 0.000000
1337323.747518 276924.726719 0.000000
1337241.693048 276924.726719 0.000000
1337159.638578 276924.726719 0.000000
1337077.584108 276924.726719 0.000000
1336995.529639 276924.726719 0.000000
1336913.475169 276924.726719 0.000000
1336831.420699 276924.726719 0.000000
1336749.366229 276924.726719 0.000000
1336667.31176 276924.726719 0.000000
1336585.25729 276924.726719 0.000000
1336503.20282 276924.726719 0.000000
1336421.148351 276924.726719 0.000000
1336339.093881 276924.726719 0.000000
1336257.039411 276924.726719 0.000000
1336174.984941 276924.726719 0.000000
1336092.930472 276924.726719 0.000000
1336010.876002 276924.726719 0.000000
1335928.821532 276924.726719 0.000000
1335846.767063 276924.726719 0.000000
1335764.712593 276924.726719 0.000000
1335682.658123 276924.726719 0.000000
1335600.603653 276924.726719 0.000000
1335518.549184 276924.726719 0.000000
1335436.494714 276924.726719 0.000000
1335354.440244 276924.726719 0.000000
1335272.385775 276924.726719 0.000000
1335190.331305 276924.726719 0.000000
1335108.276835 276924.726719 0.000000
1335026.222365 276924.726719 0.000000
1334944.167896 276924.726719 0.000000
1334862.113426 276924.726719 0.000000
1334780.058956 276924.726719 0.000000
1334698.004486 276924.726719 0.000000
1334615.950017 276924.726719 0.000000
1334533.895547 276924.726719 0.000000
1334451.841077 276924.726719 0.000000
1334369.786608 276924.726719 0.000000
1334287.732138 276924.726719 0.000000
1334205.677668 276924.726719 0.000000
1334123.623198 276924.726719 0.000000
1334041.568729 276924.726719 0.000000
1333959.514259 276924.726719 0.000000
1333877.459789 276924.726719 0.000000
1333795.40532 276924.726719 0.000000
1333713.35085 276924.726719 0.000000
1333631.29638 276924.726719 0.000000
1333549.24191 276924.726719 0.000000
1333467.187441 276924.726719 0.000000
1333385.132971 276924.726719 0.000000
1333303.078501 276924.726719 0.000000
1333221.024031 276924.726719 0.000000
1333138.969562 276924.726719 0.000000
1333056.915092 276924.726719 0.000000
1332974.860622 276924.726719 0.000000
1332892.806153 276924.726719 0.000000
1332810.751683 276924.726719 0.000000
1332728.697213 276924.726719 0.000000
1332646.642743 276924.726719 0.000000
1332564.588274 276924.726719 0.000000
1332482.533804 276924.726719 0.000000
1332400.479334 276924.726719 0.000000
1332318.424865 276924.726719 0.000000
1332236.370395 276924.726719 0.000000
1332154.315925 276924.726719 0.000000
1332072.261455 276924.726719 0.000000
1331990.206986 276924.726719 0.000000
1331908.152516 276924.726719 0.000000
1331826.098046 276924.726719 0.000000
1331744.043576 276924.726719 0.000000
1331661.989107 276924.726719 0.000000
1331579.934637 276924.726719 0.000000
1331497.880167 276924.726719 0.000000
1331415.825698 276924.726719 0.000000
1331333.771228 276924.726719 0.000000
1331251.716758 276924.726719 0.000000
1331169.662288 276924.726719 0.000000
1331087.607819 276924.726719 0.000000
1331005.553349 276924.726719 0.000000
1330923.498879 276924.726719 0.000000
1330841.44441 276924.726719 0.000000
1330759.38994 276924.726719 0.000000
1330677.33547 276924.726719 0.000000
1330595.281 276924.726719 0.000000
1330513.226531 276924.726719 0.000000
1330431.172061 276924.726719 0.000000
1330349.117591 276924.726719 0.000000
1330267.063122 276924.726719 0.000000
1330185.008652 276924.726719 0.000000
1330102.954182 276924.726719 0.000000
1330020.899712 276924.726719 0.000000
1329938.845243 276924.726719 0.000000
1329856.790773 276924.726719 0.000000
1329774.736303 276924.726719 0.000000
1329692.681833 276924.726719 0.000000
1329610.627364 276924.726719 0.000000
1329528.572894 276924.726719 0.000000
1329446.518424 276924.726719 0.000000
1329364.463955 276924.726719 0.000000
1329282.409485 276924.726719 0.000000
1329200.355015 276924.726719 0.000000
1329118.300545 276924.726719 0.000000
1329036.246076 276924.726719 0.000000
1328954.191606 276924.726719 0.000000
1328872.137136 276924.726719 0.000000
1328790.082667 276924.726719 0.000000
1328708.028197 276924.726719 0.000000
1328625.973727 276924.726719 0.000000
1328543.919257 276924.726719 0.000000
1328461.864788 276924.726719 0.000000
1328379.810318 276924.726719 0.000000
1328297.755848 276924.726719 0.000000
1328215.701378 276924.726719 0.000000
1328133.646909 276924.726719 0.000000
1328051.592439 276924.726719 0.000000
1327969.537969 276924.726719 0.000000
1327887.4835 276924.726719 0.000000
1327805.42903 276924.726719 0.000000
1327723.37456 276924.726719 0.000000
1327641.32009 276924.726719 0.000000
1327559.265621 276924.726719 0.000000
1327477.211151 276924.726719 0.000000
1327395.156681 276924.726719 0.000000
1327313.102212 276924.726719 0.000000
1327231.047742 276924.726719 0.000000
1327148.993272 276924.726719 0.000000
1327066.938802 276924.726719 0.000000
1326984.884333 276924.726719 0.000000
1326902.829863 276924.726719 0.000000
1326820.775393 276924.726719 0.000000
1326738.720923 276924.726719 0.000000
1326656.666454 276924.726719 0.000000
1326574.611984 276924.726719 0.000000
1326492.557514 276924.726719 0.000000
1326410.503045 276924.726719 0.000000
1326328.448575 276924.726719 0.000000
1326246.394105 276924.726719 0.000000
1326164.339635 276924.726719 0.000000
1326082.285166 276924.726719 0.000000
1326000.230696 276924.726719 0.000000
1325918.176226 276924.726719 0.000000
1325836.121757 276924.726719 0.000000
1325754.067287 276924.726719 0.000000
1325672.012817 276924.726719 0.000000
1325589.958347 276924.726719 0.000000
1325507.903878 276924.726719 0.000000
1325425.849408 276924.726719 0.000000
1325343.794938 276924.726719 0.000000
1325261.740469 276924.726719 0.000000
1325179.685999 276924.726719 0.000000
1325097.631529 276924.726719 0.000000
1325015.577059 276924.726719 0.000000
1324933.52259 276924.726719 0.000000
1324851.46812 276924.726719 0.000000
1324769.41365 276924.726719 0.000000
1324687.35918 276924.726719 0.000000
1324605.304711 276924.726719 0.000000
1324523.250241 276924.726719 0.000000
1324441.195771 276924.726719 0.000000
1324359.141302 276924.726719 0.000000
1324277.086832 276924.726719 0.000000
1324195.032362 276924.726719 0.000000
1324112.977892 276924.726719 0.000000
1324030.923423 276924.726719 0.000000
1323948.868953 276924.726719 0.000000
1323866.814483 276924.726719 0.000000
1323784.760014 276924.726719 0.000000
1323702.705544 276924.726719 0.000000
1323620.651074 276924.726719 0.000000
1323538.596604 276924.726719 0.000000
1323469.889812618 276924.726719 0.000000
999.0 999.0 999.0