1323469.889812618 276924.726719 0.000000
1324404.96104 287729.994201 0.000000
1338854.70136 285375.221704 0.000000
1341481.2065580557 276924.726719 0.000000
1341426.471004 276924.726719 0.000000
1341344.416534 276924.726719 0.000000
1341262.362064 276924.726719 0.000000
1341180.307594 276924.726719 0.000000
1341098.253125 276924.726719 0.000000
1341016.198655 276924.726719 0.000000
1340934.144185 276924.726719 0.000000
1340852.089716 276924.726719 0.000000
1340770.035246 276924.726719 0.000000
1340687.980776 276924.726719 0.000000
1340605.926306 276924.726719 0.000000
1340523.871837 276924.726719 0.000000
1340441.817367 276924.726719 0.000000
1340359.762897 276924.726719 0.000000
1340277.708428 276924.726719 0.000000
1340195.653958 276924.726719 0.000000
1340113.599488 276924.726719 0.000000
1340031.545018 276924.726719 0.000000
1339949.490549 276924.726719 0.000000
1339867.436079 276924.726719 0.000000
1339785.381609 276924.726719 0.000000
1339703.327139 276924.726719 0.000000
1339621.27267 276924.726719 0.000000
1339539.2182 276924.726719 0.000000
1339457.16373 276924.726719 0.000000
1339375.109261 276924.726719 0.000000
1339293.054791 276924.726719 0.000000
1339211.000321 276924.726719 0.000000
1339128.945851 276924.726719 0.000000
1339046.891382 276924.726719 0.000000
1338964.836912 276924.726719 0.000000
1338882.782442 276924.726719 0.000000
1338800.727973 276924.726719 0.000000
1338718.673503 276924.726719 0.000000
1338636.619033 276924.726719 0.000000
1338554.564563 276924.726719 0.000000
1338472.510094 276924.726719 0.000000
1338390.455624 276924.726719 0.000000
1338308.401154 276924.726719 0.000000
1338226.346684 276924.726719 0.000000
1338144.292215 276924.726719 0.000000
1338062.237745 276924.726719 0.000000
1337980.183275 276924.726719 0.000000
1337898.128806 276924.726719 0.000000
1337816.074336 276924.726719 0.000000
1337734.019866 276924.726719 0.000000
1337651.965396 276924.726719 0.000000
1337569.910927 276924.726719 0.000000
1337487.856457 276924.726719 0.000000
1337405.801987 276924.726719 0.000000
1337323.747518 276924.726719 0.000000
1337241.693048 276924.726719 0.000000
1337159.638578 276924.726719 0.000000
1337077.584108 276924.726719 0.000000
1336995.529639 276924.726719 0.000000
1336913.475169 276924.726719 0.000000
1336831.420699 276924.726719 0.000000
1336749.366229 276924.726719 0.000000
1336667.31176 276924.726719 0.000000
1336585.25729 276924.726719 0.000000
1336503.20282 276924.726719 0.000000
1336421.148351 276924.726719 0.000000
1336339.093881 276924.726719 0.000000
1336257.039411 276924.726719 0.000000
1336174.984941 276924.726719 0.000000
1336092.930472 276924.726719 0.000000
1336010.876002 276924.726719 0.000000
1335928.821532 276924.726719 0.000000
1335846.767063 276924.726719 0.000000
1335764.712593 276924.726719 0.000000
1335682.658123 276924.726719 0.000000
1335600.603653 276924.726719 0.000000
1335518.549184 276924.726719 0.000000
1335436.494714 276924.726719 0.000000
1335354.440244 276924.726719 0.000000
1335272.385775 276924.726719 0.000000
1335190.331305 276924.726719 0.000000
1335108.276835 276924.726719 0.000000
1335026.222365 276924.726719 0.000000
1334944.167896 276924.726719 0.000000
1334862.113426 276924.726719 0.000000
1334780.058956 276924.726719 0.000000
1334698.004486 276924.726719 0.000000
1334615.950017 276924.726719 0.000000
1334533.895547 276924.726719 0.000000
1334451.841077 276924.726719 0.000000
1334369.786608 276924.726719 0.000000
1334287.732138 276924.726719 0.000000
1334205.677668 276924.726719 0.000000
1334123.623198 276924.726719 0.000000
1334041.568729 276924.726719 0.000000
1333959.514259 276924.726719 0.000000
1333877.459789 276924.726719 0.000000
1333795.40532 276924.726719 0.000000
1333713.35085 276924.726719 0.000000
1333631.29638 276924.726719 0.000000
1333549.24191 276924.726719 0.000000
1333467.187441 276924.726719 0.000000
1333385.132971 276924.726719 0.000000
1333303.078501 276924.726719 0.000000
1333221.024031 276924.726719 0.000000
1333138.969562 276924.726719 0.000000
1333056.915092 276924.726719 0.000000
1332974.860622 276924.726719 0.000000
1332892.806153 276924.726719 0.000000
1332810.751683 276924.726719 0.000000
1332728.697213 276924.726719 0.000000
1332646.642743 276924.726719 0.000000
1332564.588274 276924.726719 0.000000
1332482.533804 276924.726719 0.000000
1332400.479334 276924.726719 0.000000
1332318.424865 276924.726719 0.000000
1332236.370395 276924.726719 0.000000
1332154.315925 276924.726719 0.000000
1332072.261455 276924.726719 0.000000
1331990.206986 276924.726719 0.000000
1331908.152516 276924.726719 0.000000
1331826.098046 276924.726719 0.000000
1331744.043576 276924.726719 0.000000
1331661.989107 276924.726719 0.000000
1331579.934637 276924.726719 0.000000
1331497.880167 276924.726719 0.000000
1331415.825698 276924.726719 0.000000
1331333.771228 276924.726719 0.000000
1331251.716758 276924.726719 0.000000
1331169.662288 276924.726719 0.000000
1331087.607819 276924.726719 0.000000
1331005.553349 276924.726719 0.000000
1330923.498879 276924.726719 0.000000
1330841.44441 276924.726719 0.000000
1330759.38994 276924.726719 0.000000
1330677.33547 276924.726719 0.000000
1330595.281 276924.726719 0.000000
1330513.226531 276924.726719 0.000000
1330431.172061 276924.726719 0.000000
1330349.117591 276924.726719 0.000000
1330267.063122 276924.726719 0.000000
1330185.008652 276924.726719 0.000000
1330102.954182 276924.726719 0.000000
1330020.899712 276924.726719 0.000000
1329938.845243 276924.726719 0.000000
1329856.790773 276924.726719 0.000000
1329774.736303 276924.726719 0.000000
1329692.681833 276924.726719 0.000000
1329610.627364 276924.726719 0.000000
1329528.572894 276924.726719 0.000000
1329446.518424 276924.726719 0.000000
1329364.463955 276924.726719 0.000000
1329282.409485 276924.726719 0.000000
1329200.355015 276924.726719 0.000000
1329118.300545 276924.726719 0.000000
1329036.246076 276924.726719 0.000000
1328954.191606 276924.726719 0.000000
1328872.137136 276924.726719 0.000000
1328790.082667 276924.726719 0.000000
1328708.028197 276924.726719 0.000000
1328625.973727 276924.726719 0.000000
1328543.919257 276924.726719 0.000000
1328461.864788 276924.726719 0.000000
1328379.810318 276924.726719 0.000000
1328297.755848 276924.726719 0.000000
1328215.701378 276924.726719 0.000000
1328133.646909 276924.726719 0.000000
1328051.592439 276924.726719 0.000000
1327969.537969 276924.726719 0.000000
1327887.4835 276924.726719 0.000000
1327805.42903 276924.726719 0.000000
1327723.37456 276924.726719 0.000000
1327641.32009 276924.726719 0.000000
1327559.265621 276924.726719 0.000000
1327477.211151 276924.726719 0.000000
1327395.156681 276924.726719 0.000000
1327313.102212 276924.726719 0.000000
1327231.047742 276924.726719 0.000000
1327148.993272 276924.726719 0.000000
1327066.938802 276924.726719 0.000000
1326984.884333 276924.726719 0.000000
1326902.829863 276924.726719 0.000000
1326820.775393 276924.726719 0.000000
1326738.720923 276924.726719 0.000000
1326656.666454 276924.726719 0.000000
1326574.611984 276924.726719 0.000000
1326492.557514 276924.726719 0.000000
1326410.503045 276924.726719 0.000000
1326328.448575 276924.726719 0.000000
1326246.394105 276924.726719 0.000000
1326164.339635 276924.726719 0.000000
1326082.285166 276924.726719 0.000000
1326000.230696 276924.726719 0.000000
1325918.176226 276924.726719 0.000000
1325836.121757 276924.726719 0.000000
1325754.067287 276924.726719 0.000000
1325672.012817 276924.726719 0.000000
1325589.958347 276924.726719 0.000000
1325507.903878 276924.726719 0.000000
1325425.849408 276924.726719 0.000000
1325343.794938 276924.726719 0.000000
1325261.740469 276924.726719 0.000000
1325179.685999 276924.726719 0.000000
1325097.631529 276924.726719 0.000000
1325015.577059 276924.726719 0.000000
1324933.52259 276924.726719 0.000000
1324851.46812 276924.726719 0.000000
1324769.41365 276924.726719 0.000000
1324687.35918 276924.726719 0.000000
1324605.304711 276924.726719 0.000000
1324523.250241 276924.726719 0.000000
1324441.195771 276924.726719 0.000000
1324359.141302 276924.726719 0.000000
1324277.086832 276924.726719 0.000000
1324195.032362 276924.726719 0.000000
1324112.977892 276924.726719 0.000000
1324030.923423 276924.726719 0.000000
1323948.868953 276924.726719 0.000000
1323866.814483 276924.726719 0.000000
1323784.760014 276924.726719 0.000000
1323702.705544 276924.726719 0.000000
1323620.651074 276924.726719 0.000000
1323538.596604 276924.726719 0.000000
1323469.889812618 276924.726719 0.000000
999.0 999.0 999.0