1322792.7614572386 296206.892876 0.000000
1324404.96104 287729.994201 0.000000
1323469.889812618 276924.726719 0.000000
1323456.542135 276924.726719 0.000000
1323374.487665 276924.726719 0.000000
1323292.433195 276924.726719 0.000000
1323210.378725 276924.726719 0.000000
1323128.324256 276924.726719 0.000000
1323046.269786 276924.726719 0.000000
1322964.215316 276924.726719 0.000000
1322882.160847 276924.726719 0.000000
1322800.106377 276924.726719 0.000000
1322718.051907 276924.726719 0.000000
1322635.997437 276924.726719 0.000000
1322553.942968 276924.726719 0.000000
1322471.888498 276924.726719 0.000000
1322389.834028 276924.726719 0.000000
1322307.779559 276924.726719 0.000000
1322225.725089 276924.726719 0.000000
1322143.670619 276924.726719 0.000000
1322061.616149 276924.726719 0.000000
1321979.56168 276924.726719 0.000000
1321897.50721 276924.726719 0.000000
1321815.45274 276924.726719 0.000000
1321733.39827 276924.726719 0.000000
1321651.343801 276924.726719 0.000000
1321569.289331 276924.726719 0.000000
1321487.234861 276924.726719 0.000000
1321405.180392 276924.726719 0.000000
1321323.125922 276924.726719 0.000000
1321241.071452 276924.726719 0.000000
1321159.016982 276924.726719 0.000000
1321076.962513 276924.726719 0.000000
1320994.908043 276924.726719 0.000000
1320912.853573 276924.726719 0.000000
1320865.658869266 276924.726719 0.000000
1309769.12001 285873.548382 0.000000
1308449.5358942535 296288.944647 0.000000
1308522.628645 296288.944647 0.000000
1308604.683115 296288.944647 0.000000
1308686.737585 296288.944647 0.000000
1308768.792055 296288.944647 0.000000
1308850.846524 296288.944647 0.000000
1308932.900994 296288.944647 0.000000
1309014.955464 296288.944647 0.000000
1309097.009933 296288.944647 0.000000
1309179.064403 296288.944647 0.000000
1309261.118873 296288.944647 0.000000
1309343.173343 296288.944647 0.000000
1309425.227812 296288.944647 0.000000
1309507.282282 296288.944647 0.000000
1309589.336752 296288.944647 0.000000
1309671.391221 296288.944647 0.000000
1309753.445691 296288.944647 0.000000
1309835.500161 296288.944647 0.000000
1309917.554631 296288.944647 0.000000
1309999.6091 296288.944647 0.000000
1310081.66357 296288.944647 0.000000
1310163.71804 296288.944647 0.000000
1310245.77251 296288.944647 0.000000
1310327.826979 296288.944647 0.000000
1310409.881449 296288.944647 0.000000
1310491.935919 296288.944647 0.000000
1310573.990388 296288.944647 0.000000
1310656.044858 296288.944647 0.000000
1310738.099328 296288.944647 0.000000
1310820.153798 296288.944647 0.000000
1310902.208267 296288.944647 0.000000
1310984.262737 296288.944647 0.000000
1311066.317207 296288.944647 0.000000
1311148.371676 296288.944647 0.000000
1311230.426146 296288.944647 0.000000
1311312.480616 296288.944647 0.000000
1311394.535086 296288.944647 0.000000
1311476.589555 296288.944647 0.000000
1311558.644025 296288.944647 0.000000
1311640.698495 296288.944647 0.000000
1311722.752964 296288.944647 0.000000
1311804.807434 296288.944647 0.000000
1311886.861904 296288.944647 0.000000
1311968.916374 296288.944647 0.000000
1312050.970843 296288.944647 0.000000
1312133.025313 296288.944647 0.000000
1312215.079783 296288.944647 0.000000
1312297.134253 296288.944647 0.000000
1312379.188722 296288.944647 0.000000
1312461.243192 296288.944647 0.000000
1312543.297662 296288.944647 0.000000
1312625.352131 296288.944647 0.000000
1312707.406601 296288.944647 0.000000
1312789.461071 296288.944647 0.000000
1312871.515541 296288.944647 0.000000
1312953.57001 296288.944647 0.000000
1313035.62448 296288.944647 0.000000
1313117.67895 296288.944647 0.000000
1313199.733419 296288.944647 0.000000
1313281.787889 296288.944647 0.000000
1313363.842359 296288.944647 0.000000
1313445.896829 296288.944647 0.000000
1313527.951298 296288.944647 0.000000
1313610.005768 296288.944647 0.000000
1313692.060238 296288.944647 0.000000
1313774.114708 296288.944647 0.000000
1313856.169177 296288.944647 0.000000
1313938.223647 296288.944647 0.000000
1314020.278117 296288.944647 0.000000
1314102.332586 296288.944647 0.000000
1314184.387056 296288.944647 0.000000
1314266.441526 296288.944647 0.000000
1314348.495996 296288.944647 0.000000
1314430.550465 296288.944647 0.000000
1314512.604935 296288.944647 0.000000
1314594.659405 296288.944647 0.000000
1314676.713874 296288.944647 0.000000
1314758.768344 296288.944647 0.000000
1314840.822814 296288.944647 0.000000
1314922.877284 296288.944647 0.000000
1315004.931753 296288.944647 0.000000
1315086.986223 296288.944647 0.000000
1315169.040693 296288.944647 0.000000
1315251.095163 296288.944647 0.000000
1315333.149632 296288.944647 0.000000
1315415.204102 296288.944647 0.000000
1315497.258572 296288.944647 0.000000
1315579.313041 296206.892876 0.000000
1315661.367511 296206.892876 0.000000
1315743.421981 296206.892876 0.000000
1315825.476451 296206.892876 0.000000
1315907.53092 296206.892876 0.000000
1315989.58539 296206.892876 0.000000
1316071.63986 296206.892876 0.000000
1316153.694329 296206.892876 0.000000
1316235.748799 296206.892876 0.000000
1316317.803269 296206.892876 0.000000
1316399.857739 296206.892876 0.000000
1316481.912208 296206.892876 0.000000
1316563.966678 296206.892876 0.000000
1316646.021148 296206.892876 0.000000
1316728.075617 296206.892876 0.000000
1316810.130087 296206.892876 0.000000
1316892.184557 296206.892876 0.000000
1316974.239027 296206.892876 0.000000
1317056.293496 296206.892876 0.000000
1317138.347966 296206.892876 0.000000
1317220.402436 296206.892876 0.000000
1317302.456906 296206.892876 0.000000
1317384.511375 296206.892876 0.000000
1317466.565845 296206.892876 0.000000
1317548.620315 296206.892876 0.000000
1317630.674784 296206.892876 0.000000
1317712.729254 296206.892876 0.000000
1317794.783724 296206.892876 0.000000
1317876.838194 296206.892876 0.000000
1317958.892663 296206.892876 0.000000
1318040.947133 296206.892876 0.000000
1318123.001603 296206.892876 0.000000
1318205.056072 296206.892876 0.000000
1318287.110542 296206.892876 0.000000
1318369.165012 296206.892876 0.000000
1318451.219482 296206.892876 0.000000
1318533.273951 296206.892876 0.000000
1318615.328421 296206.892876 0.000000
1318697.382891 296206.892876 0.000000
1318779.437361 296206.892876 0.000000
1318861.49183 296206.892876 0.000000
1318943.5463 296206.892876 0.000000
1319025.60077 296206.892876 0.000000
1319107.655239 296206.892876 0.000000
1319189.709709 296206.892876 0.000000
1319271.764179 296206.892876 0.000000
1319353.818649 296206.892876 0.000000
1319435.873118 296206.892876 0.000000
1319517.927588 296206.892876 0.000000
1319599.982058 296206.892876 0.000000
1319682.036527 296206.892876 0.000000
1319764.090997 296206.892876 0.000000
1319846.145467 296206.892876 0.000000
1319928.199937 296206.892876 0.000000
1320010.254406 296206.892876 0.000000
1320092.308876 296206.892876 0.000000
1320174.363346 296206.892876 0.000000
1320256.417816 296206.892876 0.000000
1320338.472285 296206.892876 0.000000
1320420.526755 296206.892876 0.000000
1320502.581225 296206.892876 0.000000
1320584.635694 296206.892876 0.000000
1320666.690164 296206.892876 0.000000
1320748.744634 296206.892876 0.000000
1320830.799104 296206.892876 0.000000
1320912.853573 296206.892876 0.000000
1320994.908043 296206.892876 0.000000
1321076.962513 296206.892876 0.000000
1321159.016982 296206.892876 0.000000
1321241.071452 296206.892876 0.000000
1321323.125922 296206.892876 0.000000
1321405.180392 296206.892876 0.000000
1321487.234861 296206.892876 0.000000
1321569.289331 296206.892876 0.000000
1321651.343801 296206.892876 0.000000
1321733.39827 296206.892876 0.000000
1321815.45274 296206.892876 0.000000
1321897.50721 296206.892876 0.000000
1321979.56168 296206.892876 0.000000
1322061.616149 296206.892876 0.000000
1322143.670619 296206.892876 0.000000
1322225.725089 296206.892876 0.000000
1322307.779559 296206.892876 0.000000
1322389.834028 296206.892876 0.000000
1322471.888498 296206.892876 0.000000
1322553.942968 296206.892876 0.000000
1322635.997437 296206.892876 0.000000
1322718.051907 296206.892876 0.000000
1322792.7614572386 296206.892876 0.000000
999.0 999.0 999.0