1305280.56882822 276924.726719 0.000000
1309769.12001 285873.548382 0.000000
1320865.658869266 276924.726719 0.000000
1320830.799104 276924.726719 0.000000
1320748.744634 276924.726719 0.000000
1320666.690164 276924.726719 0.000000
1320584.635694 276924.726719 0.000000
1320502.581225 276924.726719 0.000000
1320420.526755 276924.726719 0.000000
1320338.472285 276924.726719 0.000000
1320256.417816 276924.726719 0.000000
1320174.363346 276924.726719 0.000000
1320092.308876 276924.726719 0.000000
1320010.254406 276924.726719 0.000000
1319928.199937 276924.726719 0.000000
1319846.145467 276924.726719 0.000000
1319764.090997 276924.726719 0.000000
1319682.036527 276924.726719 0.000000
1319599.982058 276924.726719 0.000000
1319517.927588 276924.726719 0.000000
1319435.873118 276924.726719 0.000000
1319353.818649 276924.726719 0.000000
1319271.764179 276924.726719 0.000000
1319189.709709 276924.726719 0.000000
1319107.655239 276924.726719 0.000000
1319025.60077 276924.726719 0.000000
1318943.5463 276924.726719 0.000000
1318861.49183 276924.726719 0.000000
1318779.437361 276924.726719 0.000000
1318697.382891 276924.726719 0.000000
1318615.328421 276924.726719 0.000000
1318533.273951 276924.726719 0.000000
1318451.219482 276924.726719 0.000000
1318369.165012 276924.726719 0.000000
1318287.110542 276924.726719 0.000000
1318205.056072 276924.726719 0.000000
1318123.001603 276924.726719 0.000000
1318040.947133 276924.726719 0.000000
1317958.892663 276924.726719 0.000000
1317876.838194 276924.726719 0.000000
1317794.783724 276924.726719 0.000000
1317712.729254 276924.726719 0.000000
1317630.674784 276924.726719 0.000000
1317548.620315 276924.726719 0.000000
1317466.565845 276924.726719 0.000000
1317384.511375 276924.726719 0.000000
1317302.456906 276924.726719 0.000000
1317220.402436 276924.726719 0.000000
1317138.347966 276924.726719 0.000000
1317056.293496 276924.726719 0.000000
1316974.239027 276924.726719 0.000000
1316892.184557 276924.726719 0.000000
1316810.130087 276924.726719 0.000000
1316728.075617 276924.726719 0.000000
1316646.021148 276924.726719 0.000000
1316563.966678 276924.726719 0.000000
1316481.912208 276924.726719 0.000000
1316399.857739 276924.726719 0.000000
1316317.803269 276924.726719 0.000000
1316235.748799 276924.726719 0.000000
1316153.694329 276924.726719 0.000000
1316071.63986 276924.726719 0.000000
1315989.58539 276924.726719 0.000000
1315907.53092 276924.726719 0.000000
1315825.476451 276924.726719 0.000000
1315743.421981 276924.726719 0.000000
1315661.367511 276924.726719 0.000000
1315579.313041 276924.726719 0.000000
1315497.258572 276924.726719 0.000000
1315415.204102 276924.726719 0.000000
1315333.149632 276924.726719 0.000000
1315251.095163 276924.726719 0.000000
1315169.040693 276924.726719 0.000000
1315086.986223 276924.726719 0.000000
1315004.931753 276924.726719 0.000000
1314922.877284 276924.726719 0.000000
1314840.822814 276924.726719 0.000000
1314758.768344 276924.726719 0.000000
1314676.713874 276924.726719 0.000000
1314594.659405 276924.726719 0.000000
1314512.604935 276924.726719 0.000000
1314430.550465 276924.726719 0.000000
1314348.495996 276924.726719 0.000000
1314266.441526 276924.726719 0.000000
1314184.387056 276924.726719 0.000000
1314102.332586 276924.726719 0.000000
1314020.278117 276924.726719 0.000000
1313938.223647 276924.726719 0.000000
1313856.169177 276924.726719 0.000000
1313774.114708 276924.726719 0.000000
1313692.060238 276924.726719 0.000000
1313610.005768 276924.726719 0.000000
1313527.951298 276924.726719 0.000000
1313445.896829 276924.726719 0.000000
1313363.842359 276924.726719 0.000000
1313281.787889 276924.726719 0.000000
1313199.733419 276924.726719 0.000000
1313117.67895 276924.726719 0.000000
1313035.62448 276924.726719 0.000000
1312953.57001 276924.726719 0.000000
1312871.515541 276924.726719 0.000000
1312789.461071 276924.726719 0.000000
1312707.406601 276924.726719 0.000000
1312625.352131 276924.726719 0.000000
1312543.297662 276924.726719 0.000000
1312461.243192 276924.726719 0.000000
1312379.188722 276924.726719 0.000000
1312297.134253 276924.726719 0.000000
1312215.079783 276924.726719 0.000000
1312133.025313 276924.726719 0.000000
1312050.970843 276924.726719 0.000000
1311968.916374 276924.726719 0.000000
1311886.861904 276924.726719 0.000000
1311804.807434 276924.726719 0.000000
1311722.752964 276924.726719 0.000000
1311640.698495 276924.726719 0.000000
1311558.644025 276924.726719 0.000000
1311476.589555 276924.726719 0.000000
1311394.535086 276924.726719 0.000000
1311312.480616 276924.726719 0.000000
1311230.426146 276924.726719 0.000000
1311148.371676 276924.726719 0.000000
1311066.317207 276924.726719 0.000000
1310984.262737 276924.726719 0.000000
1310902.208267 276924.726719 0.000000
1310820.153798 276924.726719 0.000000
1310738.099328 276924.726719 0.000000
1310656.044858 276924.726719 0.000000
1310573.990388 276924.726719 0.000000
1310491.935919 276924.726719 0.000000
1310409.881449 276924.726719 0.000000
1310327.826979 276924.726719 0.000000
1310245.77251 276924.726719 0.000000
1310163.71804 276924.726719 0.000000
1310081.66357 276924.726719 0.000000
1309999.6091 276924.726719 0.000000
1309917.554631 276924.726719 0.000000
1309835.500161 276924.726719 0.000000
1309753.445691 276924.726719 0.000000
1309671.391221 276924.726719 0.000000
1309589.336752 276924.726719 0.000000
1309507.282282 276924.726719 0.000000
1309425.227812 276924.726719 0.000000
1309343.173343 276924.726719 0.000000
1309261.118873 276924.726719 0.000000
1309179.064403 276924.726719 0.000000
1309097.009933 276924.726719 0.000000
1309014.955464 276924.726719 0.000000
1308932.900994 276924.726719 0.000000
1308850.846524 276924.726719 0.000000
1308768.792055 276924.726719 0.000000
1308686.737585 276924.726719 0.000000
1308604.683115 276924.726719 0.000000
1308522.628645 276924.726719 0.000000
1308440.574176 276924.726719 0.000000
1308358.519706 276924.726719 0.000000
1308276.465236 276924.726719 0.000000
1308194.410766 276924.726719 0.000000
1308112.356297 276924.726719 0.000000
1308030.301827 276924.726719 0.000000
1307948.247357 276924.726719 0.000000
1307866.192888 276924.726719 0.000000
1307784.138418 276924.726719 0.000000
1307702.083948 276924.726719 0.000000
1307620.029478 276924.726719 0.000000
1307537.975009 276924.726719 0.000000
1307455.920539 276924.726719 0.000000
1307373.866069 276924.726719 0.000000
1307291.8116 276924.726719 0.000000
1307209.75713 276924.726719 0.000000
1307127.70266 276924.726719 0.000000
1307045.64819 276924.726719 0.000000
1306963.593721 276924.726719 0.000000
1306881.539251 276924.726719 0.000000
1306799.484781 276924.726719 0.000000
1306717.430311 276924.726719 0.000000
1306635.375842 276924.726719 0.000000
1306553.321372 276924.726719 0.000000
1306471.266902 276924.726719 0.000000
1306389.212433 276924.726719 0.000000
1306307.157963 276924.726719 0.000000
1306225.103493 276924.726719 0.000000
1306143.049023 276924.726719 0.000000
1306060.994554 276924.726719 0.000000
1305978.940084 276924.726719 0.000000
1305896.885614 276924.726719 0.000000
1305814.831145 276924.726719 0.000000
1305732.776675 276924.726719 0.000000
1305650.722205 276924.726719 0.000000
1305568.667735 276924.726719 0.000000
1305486.613266 276924.726719 0.000000
1305404.558796 276924.726719 0.000000
1305322.504326 276924.726719 0.000000
1305280.56882822 276924.726719 0.000000
999.0 999.0 999.0