1339904.0390820105 296206.892876 0.000000
1338854.70136 285375.221704 0.000000
1324404.96104 287729.994201 0.000000
1322792.7614572386 296206.892876 0.000000
1322800.106377 296206.892876 0.000000
1322882.160847 296206.892876 0.000000
1322964.215316 296206.892876 0.000000
1323046.269786 296206.892876 0.000000
1323128.324256 296206.892876 0.000000
1323210.378725 296206.892876 0.000000
1323292.433195 296206.892876 0.000000
1323374.487665 296206.892876 0.000000
1323456.542135 296206.892876 0.000000
1323538.596604 296206.892876 0.000000
1323620.651074 296206.892876 0.000000
1323702.705544 296206.892876 0.000000
1323784.760014 296206.892876 0.000000
1323866.814483 296206.892876 0.000000
1323948.868953 296206.892876 0.000000
1324030.923423 296206.892876 0.000000
1324112.977892 296206.892876 0.000000
1324195.032362 296206.892876 0.000000
1324277.086832 296206.892876 0.000000
1324359.141302 296206.892876 0.000000
1324441.195771 296206.892876 0.000000
1324523.250241 296206.892876 0.000000
1324605.304711 296206.892876 0.000000
1324687.35918 296206.892876 0.000000
1324769.41365 296206.892876 0.000000
1324851.46812 296206.892876 0.000000
1324933.52259 296206.892876 0.000000
1325015.577059 296206.892876 0.000000
1325097.631529 296206.892876 0.000000
1325179.685999 296206.892876 0.000000
1325261.740469 296206.892876 0.000000
1325343.794938 296206.892876 0.000000
1325425.849408 296206.892876 0.000000
1325507.903878 296206.892876 0.000000
1325589.958347 296206.892876 0.000000
1325672.012817 296206.892876 0.000000
1325754.067287 296206.892876 0.000000
1325836.121757 296206.892876 0.000000
1325918.176226 296206.892876 0.000000
1326000.230696 296206.892876 0.000000
1326082.285166 296206.892876 0.000000
1326164.339635 296206.892876 0.000000
1326246.394105 296206.892876 0.000000
1326328.448575 296206.892876 0.000000
1326410.503045 296206.892876 0.000000
1326492.557514 296206.892876 0.000000
1326574.611984 296206.892876 0.000000
1326656.666454 296206.892876 0.000000
1326738.720923 296206.892876 0.000000
1326820.775393 296206.892876 0.000000
1326902.829863 296206.892876 0.000000
1326984.884333 296206.892876 0.000000
1327066.938802 296206.892876 0.000000
1327148.993272 296206.892876 0.000000
1327231.047742 296206.892876 0.000000
1327313.102212 296206.892876 0.000000
1327395.156681 296206.892876 0.000000
1327477.211151 296206.892876 0.000000
1327559.265621 296206.892876 0.000000
1327641.32009 296206.892876 0.000000
1327723.37456 296206.892876 0.000000
1327805.42903 296206.892876 0.000000
1327887.4835 296206.892876 0.000000
1327969.537969 296206.892876 0.000000
1328051.592439 296206.892876 0.000000
1328133.646909 296206.892876 0.000000
1328215.701378 296206.892876 0.000000
1328297.755848 296206.892876 0.000000
1328379.810318 296206.892876 0.000000
1328461.864788 296206.892876 0.000000
1328543.919257 296206.892876 0.000000
1328625.973727 296206.892876 0.000000
1328708.028197 296206.892876 0.000000
1328790.082667 296206.892876 0.000000
1328872.137136 296206.892876 0.000000
1328954.191606 296206.892876 0.000000
1329036.246076 296206.892876 0.000000
1329118.300545 296206.892876 0.000000
1329200.355015 296206.892876 0.000000
1329282.409485 296206.892876 0.000000
1329364.463955 296206.892876 0.000000
1329446.518424 296206.892876 0.000000
1329528.572894 296206.892876 0.000000
1329610.627364 296206.892876 0.000000
1329692.681833 296206.892876 0.000000
1329774.736303 296206.892876 0.000000
1329856.790773 296206.892876 0.000000
1329938.845243 296206.892876 0.000000
1330020.899712 296206.892876 0.000000
1330102.954182 296206.892876 0.000000
1330185.008652 296206.892876 0.000000
1330267.063122 296206.892876 0.000000
1330349.117591 296206.892876 0.000000
1330431.172061 296206.892876 0.000000
1330513.226531 296206.892876 0.000000
1330595.281 296206.892876 0.000000
1330677.33547 296206.892876 0.000000
1330759.38994 296206.892876 0.000000
1330841.44441 296206.892876 0.000000
1330923.498879 296206.892876 0.000000
1331005.553349 296206.892876 0.000000
1331087.607819 296206.892876 0.000000
1331169.662288 296206.892876 0.000000
1331251.716758 296206.892876 0.000000
1331333.771228 296206.892876 0.000000
1331415.825698 296206.892876 0.000000
1331497.880167 296206.892876 0.000000
1331579.934637 296206.892876 0.000000
1331661.989107 296206.892876 0.000000
1331744.043576 296206.892876 0.000000
1331826.098046 296206.892876 0.000000
1331908.152516 296206.892876 0.000000
1331990.206986 296206.892876 0.000000
1332072.261455 296206.892876 0.000000
1332154.315925 296206.892876 0.000000
1332236.370395 296206.892876 0.000000
1332318.424865 296206.892876 0.000000
1332400.479334 296206.892876 0.000000
1332482.533804 296206.892876 0.000000
1332564.588274 296206.892876 0.000000
1332646.642743 296206.892876 0.000000
1332728.697213 296206.892876 0.000000
1332810.751683 296206.892876 0.000000
1332892.806153 296206.892876 0.000000
1332974.860622 296206.892876 0.000000
1333056.915092 296206.892876 0.000000
1333138.969562 296206.892876 0.000000
1333221.024031 296206.892876 0.000000
1333303.078501 296206.892876 0.000000
1333385.132971 296206.892876 0.000000
1333467.187441 296206.892876 0.000000
1333549.24191 296206.892876 0.000000
1333631.29638 296206.892876 0.000000
1333713.35085 296206.892876 0.000000
1333795.40532 296206.892876 0.000000
1333877.459789 296206.892876 0.000000
1333959.514259 296206.892876 0.000000
1334041.568729 296206.892876 0.000000
1334123.623198 296206.892876 0.000000
1334205.677668 296206.892876 0.000000
1334287.732138 296206.892876 0.000000
1334369.786608 296206.892876 0.000000
1334451.841077 296206.892876 0.000000
1334533.895547 296206.892876 0.000000
1334615.950017 296206.892876 0.000000
1334698.004486 296206.892876 0.000000
1334780.058956 296206.892876 0.000000
1334862.113426 296206.892876 0.000000
1334944.167896 296206.892876 0.000000
1335026.222365 296206.892876 0.000000
1335108.276835 296206.892876 0.000000
1335190.331305 296206.892876 0.000000
1335272.385775 296206.892876 0.000000
1335354.440244 296206.892876 0.000000
1335436.494714 296206.892876 0.000000
1335518.549184 296206.892876 0.000000
1335600.603653 296206.892876 0.000000
1335682.658123 296206.892876 0.000000
1335764.712593 296206.892876 0.000000
1335846.767063 296206.892876 0.000000
1335928.821532 296206.892876 0.000000
1336010.876002 296206.892876 0.000000
1336092.930472 296206.892876 0.000000
1336174.984941 296206.892876 0.000000
1336257.039411 296206.892876 0.000000
1336339.093881 296206.892876 0.000000
1336421.148351 296206.892876 0.000000
1336503.20282 296206.892876 0.000000
1336585.25729 296206.892876 0.000000
1336667.31176 296206.892876 0.000000
1336749.366229 296206.892876 0.000000
1336831.420699 296206.892876 0.000000
1336913.475169 296206.892876 0.000000
1336995.529639 296206.892876 0.000000
1337077.584108 296206.892876 0.000000
1337159.638578 296206.892876 0.000000
1337241.693048 296206.892876 0.000000
1337323.747518 296206.892876 0.000000
1337405.801987 296206.892876 0.000000
1337487.856457 296206.892876 0.000000
1337569.910927 296206.892876 0.000000
1337651.965396 296206.892876 0.000000
1337734.019866 296206.892876 0.000000
1337816.074336 296206.892876 0.000000
1337898.128806 296206.892876 0.000000
1337980.183275 296206.892876 0.000000
1338062.237745 296206.892876 0.000000
1338144.292215 296206.892876 0.000000
1338226.346684 296206.892876 0.000000
1338308.401154 296206.892876 0.000000
1338390.455624 296206.892876 0.000000
1338472.510094 296206.892876 0.000000
1338554.564563 296206.892876 0.000000
1338636.619033 296206.892876 0.000000
1338718.673503 296206.892876 0.000000
1338800.727973 296206.892876 0.000000
1338882.782442 296206.892876 0.000000
1338964.836912 296206.892876 0.000000
1339046.891382 296206.892876 0.000000
1339128.945851 296206.892876 0.000000
1339211.000321 296206.892876 0.000000
1339293.054791 296206.892876 0.000000
1339375.109261 296206.892876 0.000000
1339457.16373 296206.892876 0.000000
1339539.2182 296206.892876 0.000000
1339621.27267 296206.892876 0.000000
1339703.327139 296206.892876 0.000000
1339785.381609 296206.892876 0.000000
1339867.436079 296206.892876 0.000000
1339904.0390820105 296206.892876 0.000000
999.0 999.0 999.0